input/20181/2/tree-height.asc
NCOLS 80 
NROWS 80 
XLLCORNER 448157.412540805 
YLLCORNER 5380882.45755278 
CELLSIZE 5 
NODATA_value -3.4e+38 
26.000000000000000 29 30 35 35 34 33 23 8 32 30 23 29 30 31 30 30 31 29 33 34 32 32 32 33 35 33 34 38 37 37 36 28 29 32 34 36 36 35 36 36 37 35 34 35 39 37 35 32 26 20 13 31 31 25 31 33 33 34 28 11 11 10 10 14 19 29 33 36 36 32 34 35 34 33 34 34 34 35 34
28 32 28 34 35 37 33 27 15 37 32 11 19 25 31 30 31 31 28 30 31 32 32 31 33 35 34 35 38 34 34 34 32 32 34 34 35 34 31 33 34 35 34 34 35 36 34 31 23 26 15 10 24 23 13 24 29 27 21 13 6 9 18 21 33 33 31 33 34 34 31 32 33 33 33 36 35 36 36 34
29 32 26 27 27 29 35 36 30 27 26 15 3 8 28 30 30 31 30 30 30 33 35 34 34 35 35 35 37 33 34 36 35 33 34 35 35 35 35 34 35 38 34 35 36 36 33 27 18 30 22 9 9 11 21 13 10 9 10 10 9 9 22 28 33 34 33 34 37 36 34 33 33 33 33 35 36 37 37 36
30 30 24 9 5 7 27 28 21 5 5 3 5 13 29 29 27 32 33 32 34 35 36 36 35 35 34 33 33 33 36 34 34 31 31 33 35 37 37 34 36 36 35 35 35 35 34 28 33 30 17 14 13 14 25 22 14 10 17 23 17 9 25 32 32 33 34 36 36 35 35 34 33 33 34 35 37 36 36 36
27 28 22 19 9 5 5 4 4 5 5 3 7 28 33 32 30 33 33 34 34 36 35 36 36 33 33 33 34 34 34 32 32 31 33 34 36 37 38 35 36 35 35 34 33 34 32 28 32 31 29 18 19 16 14 11 25 15 23 24 16 8 22 32 34 33 34 36 35 33 35 34 34 34 35 36 35 36 36 36
17 17 13 12 8 8 9 5 5 4 5 5 12 26 31 31 30 31 33 32 33 36 34 38 39 31 34 35 37 34 28 30 31 33 35 35 34 34 34 34 33 32 32 32 30 31 29 26 25 25 27 31 27 17 14 16 31 31 28 20 8 8 11 37 36 34 33 35 34 33 36 36 33 36 36 36 35 38 39 37
6 6 7 5 5 9 7 6 12 12 12 15 28 29 27 30 31 30 30 33 35 35 34 37 36 33 35 35 35 33 30 30 31 32 35 34 33 32 30 28 30 33 32 31 24 30 31 23 11 8 17 29 23 13 14 29 32 34 34 27 15 14 11 38 37 35 33 32 34 33 35 36 35 36 36 34 36 37 37 37
7 6 5 4 8 10 3 10 34 35 34 35 33 32 29 32 32 33 33 33 34 32 35 36 35 32 31 34 33 33 30 34 35 35 36 34 33 31 23 10 25 27 26 25 17 23 23 13 14 14 17 16 10 11 18 33 35 33 25 12 11 17 14 30 36 34 34 34 34 33 33 34 35 36 36 37 37 37 36 37
6 5 5 5 9 15 7 15 31 35 36 36 32 33 35 33 34 35 34 34 34 33 36 37 35 31 29 30 34 36 32 35 37 36 35 35 33 30 22 13 14 12 13 17 13 8 10 13 33 28 17 18 9 12 30 31 27 24 8 4 8 29 26 9 27 33 33 34 35 35 34 34 35 35 34 37 36 36 36 36
6 6 5 8 13 14 20 30 28 32 33 31 30 32 34 34 33 35 34 34 33 34 35 36 32 29 30 29 33 35 32 35 36 34 31 32 29 27 26 29 26 13 9 17 13 12 17 17 29 29 22 30 15 10 24 21 8 9 8 7 8 24 27 10 10 33 33 33 34 35 35 32 33 33 33 35 34 34 34 33
8 7 5 6 2 6 28 33 31 36 36 31 31 33 33 34 35 35 35 34 33 34 32 30 31 32 30 30 30 30 30 34 33 33 31 28 25 27 26 27 22 9 12 16 11 21 20 14 15 27 30 32 23 9 9 7 9 13 11 8 8 15 31 26 9 30 33 34 34 35 36 34 35 33 36 35 35 34 34 31
11 10 5 4 1 4 24 32 32 36 36 33 33 32 33 33 35 34 35 35 31 35 32 30 31 31 31 31 31 31 32 31 30 31 30 28 24 27 24 21 15 15 20 16 16 22 19 11 15 29 30 27 16 19 17 11 9 12 10 10 15 29 33 30 14 27 34 33 34 35 34 38 37 32 35 35 36 34 34 35
21 18 2 1 2 2 8 31 36 31 34 34 35 33 33 33 32 32 35 36 31 34 33 32 33 33 32 32 34 37 34 35 34 35 32 32 30 29 26 33 34 34 30 13 13 17 19 16 24 36 35 33 33 29 29 25 15 10 7 11 20 28 36 37 33 29 32 31 29 33 33 37 36 31 35 35 35 32 33 34
17 14 3 9 10 10 15 33 36 33 33 34 36 34 34 34 34 32 34 35 32 33 35 32 31 32 33 36 35 36 35 38 35 35 33 34 34 33 33 35 34 36 30 4 6 16 26 27 32 36 35 32 32 34 32 32 28 15 6 16 21 29 36 36 33 30 31 30 24 30 30 33 32 30 33 34 34 33 30 32
4 2 7 32 35 32 34 34 34 33 33 32 34 35 39 38 35 33 33 34 34 36 36 34 31 33 36 37 35 33 37 38 35 36 35 34 34 33 33 33 32 25 22 4 9 31 33 35 30 35 34 32 30 26 27 33 32 20 9 19 22 32 31 30 26 23 21 25 26 28 28 35 36 38 35 35 36 36 33 31
3 3 7 26 35 36 36 36 33 35 35 32 34 37 38 36 32 32 32 32 33 37 36 33 33 36 35 37 35 32 35 37 36 36 39 38 35 33 34 33 22 5 8 8 10 31 33 35 32 32 31 30 26 17 21 31 30 19 16 30 27 28 28 26 18 16 13 19 32 32 29 39 39 37 35 34 35 35 33 33
7 4 5 9 33 37 35 37 35 36 34 32 34 35 34 31 31 30 33 34 33 36 35 35 35 37 34 33 34 34 37 37 35 34 37 36 35 36 35 31 14 9 16 17 20 32 35 35 33 32 30 29 30 17 27 30 31 28 31 35 32 25 25 22 14 13 14 15 31 31 24 37 37 36 32 29 32 32 35 36
7 6 6 9 25 32 32 34 37 35 33 34 35 34 34 34 32 31 34 34 34 35 35 35 35 34 33 32 34 32 35 34 32 33 37 36 34 35 35 33 30 18 18 22 30 34 35 34 33 32 31 34 34 28 30 31 32 30 32 35 35 32 31 26 13 11 11 14 22 21 10 28 29 28 27 28 33 32 34 33
7 7 11 11 15 30 32 34 34 38 38 36 37 36 37 36 35 35 38 36 34 32 33 34 35 33 33 32 35 33 34 34 34 34 35 35 33 33 36 33 31 25 23 28 35 35 33 34 36 35 32 34 35 32 33 35 34 33 35 38 38 34 32 30 17 17 16 16 14 11 10 14 20 20 20 30 31 32 32 29
5 7 10 13 33 35 34 32 33 37 37 35 37 36 35 36 35 34 36 35 36 30 31 34 35 34 34 36 33 34 35 38 36 34 33 33 32 32 34 31 28 27 28 27 33 34 36 36 39 37 35 35 35 36 36 37 36 36 36 36 36 32 33 33 32 31 29 30 27 21 17 22 23 22 21 28 31 30 31 31
6 8 7 10 33 36 32 31 34 34 36 36 38 35 34 35 37 32 30 31 35 32 32 33 33 33 33 33 33 35 35 36 35 33 33 33 32 30 31 32 31 34 33 30 33 33 35 35 39 38 35 35 35 35 35 35 32 33 34 33 32 28 33 33 36 35 34 35 34 26 24 26 28 24 21 29 32 30 34 33
7 8 7 9 30 35 31 31 34 34 33 34 37 34 35 34 37 34 33 32 34 34 36 35 37 35 35 33 31 31 33 32 30 31 33 31 33 32 34 37 36 33 33 34 35 33 34 34 34 36 34 32 35 36 35 30 34 34 32 31 29 30 34 31 36 37 35 34 33 30 31 29 30 28 28 30 31 32 33 33
9 10 8 10 37 36 33 31 33 33 30 29 35 33 34 33 34 33 33 30 31 33 35 32 35 37 37 36 34 33 33 32 35 33 33 32 32 32 37 37 36 35 33 35 34 34 35 35 36 38 36 27 34 35 34 30 36 35 28 28 30 38 38 34 36 35 33 31 32 33 32 35 32 30 33 32 30 33 34 34
9 10 8 9 38 37 34 35 32 34 35 29 31 31 32 34 33 32 35 36 35 31 35 31 34 37 37 35 38 35 32 32 34 34 35 34 33 31 36 37 37 37 37 37 32 33 37 35 36 38 37 33 34 31 31 33 35 35 29 35 35 37 37 37 37 32 27 26 29 33 34 35 32 31 31 32 31 33 33 37
7 7 5 9 36 34 25 29 30 34 33 30 32 31 29 32 31 32 35 36 35 35 37 32 36 36 36 34 37 36 32 33 33 33 36 34 33 31 31 34 36 35 35 36 32 32 37 36 34 35 35 34 36 34 32 33 35 34 30 36 36 36 37 37 37 32 18 19 24 30 35 36 31 32 30 32 33 33 33 35
8 8 4 7 25 22 5 9 30 33 33 31 31 32 28 27 28 31 32 34 32 33 35 32 32 32 34 34 35 35 34 39 38 33 35 32 36 35 31 32 34 32 29 32 30 31 33 36 35 33 34 34 37 36 32 32 32 34 36 35 34 33 35 35 33 31 24 23 24 26 31 34 32 34 35 33 32 31 33 32
21 19 7 6 5 4 3 5 23 29 32 32 30 29 30 28 29 32 31 33 34 31 33 33 31 33 35 35 34 34 34 39 39 33 33 34 35 35 34 30 32 37 36 36 35 35 33 33 34 32 33 35 36 34 32 33 32 36 37 37 36 34 33 31 31 32 31 31 31 28 23 29 31 37 36 33 30 32 35 34
18 15 8 7 5 3 2 3 12 27 31 33 39 30 31 30 33 34 30 31 32 33 34 32 31 33 34 35 33 33 33 37 38 35 34 35 38 37 36 32 35 35 35 35 36 36 35 34 32 33 34 37 38 37 34 36 36 37 37 37 38 35 32 31 33 34 34 35 33 29 21 31 35 35 34 31 34 33 33 35
11 4 4 3 4 9 8 11 28 31 32 33 33 32 34 33 32 33 31 33 34 38 34 32 34 34 35 36 34 31 35 37 38 37 39 35 39 40 38 34 36 36 35 36 37 37 37 35 34 36 36 38 38 37 36 37 37 38 37 37 36 37 39 33 34 35 36 36 32 32 30 29 36 36 34 31 33 32 31 36
23 9 11 10 9 28 28 29 31 30 31 31 33 36 36 35 31 34 34 35 33 36 34 33 35 36 36 33 33 34 35 36 38 37 39 37 35 38 37 36 36 36 36 37 38 37 37 35 36 35 37 37 37 34 35 36 38 40 35 35 32 36 39 34 32 33 32 34 36 35 35 34 33 33 36 34 31 32 31 33
32 29 30 30 23 33 33 33 34 32 29 30 34 38 35 36 34 35 35 35 32 33 35 34 36 38 39 34 33 37 37 36 40 40 36 39 36 35 35 37 35 35 35 36 37 38 38 36 36 36 37 35 34 33 34 37 37 38 34 34 33 31 34 36 35 33 32 31 35 34 34 33 32 32 32 33 30 32 32 32
33 29 31 34 33 35 36 33 35 36 32 33 36 36 34 37 36 34 34 35 35 36 37 35 36 39 39 38 36 35 38 37 38 37 35 36 36 36 36 37 36 36 36 37 38 36 38 37 36 35 36 34 34 36 37 36 34 36 37 35 34 29 31 34 34 34 33 34 36 35 34 32 30 33 34 33 33 33 33 33
32 31 31 33 35 36 38 33 34 38 35 32 34 34 35 37 36 34 34 35 36 36 37 37 34 35 35 35 35 34 38 40 37 35 37 38 38 37 35 34 35 36 36 38 39 37 36 39 38 33 34 35 35 36 36 34 27 33 35 34 35 31 30 32 33 34 34 35 36 36 36 34 31 32 33 35 36 34 34 34
33 31 31 33 34 37 37 33 34 37 37 37 35 33 35 35 32 32 33 37 36 35 35 37 34 31 34 34 33 36 36 38 37 34 36 37 39 39 37 37 37 36 36 39 39 40 37 37 36 34 34 36 34 34 34 31 24 30 30 34 34 32 31 33 34 35 35 36 38 37 32 30 27 31 32 35 37 33 31 33
33 32 33 34 34 36 36 36 35 35 37 42 38 34 35 35 34 33 34 35 32 32 35 37 34 33 39 40 34 37 37 39 38 33 35 37 36 36 38 37 37 38 40 39 39 40 37 35 34 33 34 34 30 30 33 32 32 32 30 34 35 33 31 34 34 34 35 36 34 33 32 25 26 31 32 32 34 33 30 32
36 35 35 34 33 35 35 37 37 36 38 41 38 33 36 33 33 35 33 36 33 31 32 34 34 35 38 38 34 39 38 38 37 35 38 38 37 35 39 39 38 37 40 42 37 36 35 34 34 34 35 33 30 32 34 34 33 30 31 30 29 29 32 33 34 33 34 34 27 26 32 19 23 30 33 32 30 32 34 34
37 35 38 38 38 33 33 36 35 35 37 35 35 32 35 33 34 35 34 35 32 32 31 33 34 36 34 34 34 38 37 36 36 34 37 40 39 37 39 40 38 38 38 39 36 35 33 32 33 33 31 29 30 33 35 34 34 33 33 31 21 24 33 34 32 30 30 30 29 28 25 22 24 30 31 32 29 33 34 34
37 35 38 38 37 35 34 35 33 35 34 33 32 30 32 36 37 35 35 33 34 33 32 35 34 35 34 36 35 34 34 36 34 34 35 39 39 36 38 41 37 38 33 35 34 34 31 34 36 28 24 27 30 32 33 33 34 34 33 33 24 20 31 33 32 32 31 31 33 34 33 33 30 31 33 33 30 34 33 34
36 40 39 38 34 37 36 36 38 35 35 33 31 32 32 34 35 36 37 37 36 36 34 37 34 34 35 37 37 36 35 37 36 36 36 39 40 34 37 36 35 36 34 36 34 34 35 36 34 24 21 25 29 31 31 32 33 33 31 30 25 20 30 31 31 32 33 34 33 33 34 35 32 31 29 32 32 32 33 35
35 39 38 38 35 36 36 36 38 38 35 36 37 37 37 36 37 36 37 36 36 36 35 37 34 35 33 35 39 39 35 37 39 36 35 37 38 34 38 38 36 35 35 35 35 34 36 36 30 20 21 24 31 34 33 33 33 34 32 29 25 24 27 32 32 32 34 35 32 33 34 37 32 30 27 31 31 29 33 34
36 36 39 38 38 34 34 36 37 37 35 36 37 37 37 37 38 36 36 35 35 35 34 34 32 35 35 35 39 38 36 37 38 36 34 33 33 34 36 36 37 34 34 34 34 31 34 31 27 27 26 31 34 37 37 34 33 33 32 30 28 27 30 31 32 32 33 33 31 32 33 35 28 23 26 28 28 27 29 31
36 36 38 39 39 33 34 36 36 38 34 34 35 39 37 36 37 36 35 37 36 35 37 36 34 34 36 35 37 35 37 37 36 37 36 36 35 35 34 34 38 35 33 31 30 29 27 26 26 32 32 32 33 33 34 33 33 33 30 31 35 30 28 27 29 29 30 28 28 21 19 26 20 21 24 26 26 24 24 23
37 38 36 38 38 35 33 34 35 39 38 35 36 38 37 36 36 35 37 36 32 35 33 35 36 35 33 35 38 37 36 34 35 35 35 37 38 33 32 36 37 38 34 25 21 20 25 34 33 35 33 33 29 29 32 30 32 33 32 31 34 29 24 21 24 25 27 24 20 5 7 21 21 22 28 34 34 26 21 19
32 35 37 40 37 39 36 36 38 37 37 35 34 36 35 34 34 33 35 34 32 32 34 36 37 35 32 35 36 35 35 38 36 37 37 34 37 33 37 36 31 34 31 17 10 9 26 35 35 36 33 33 31 28 28 25 34 34 33 31 29 28 23 24 28 28 26 23 21 18 16 19 24 26 29 34 32 25 20 18
24 35 36 37 38 37 35 36 36 36 36 33 32 35 32 30 30 32 35 34 35 35 35 34 34 34 35 37 36 35 35 34 34 35 34 33 34 32 34 32 23 22 23 16 10 20 28 32 33 34 30 30 28 25 25 25 32 31 31 31 33 31 30 33 35 29 31 28 22 20 17 19 25 27 31 32 24 20 19 18
14 34 35 34 34 34 34 33 34 34 35 32 31 34 34 32 30 33 33 33 35 37 38 36 37 37 36 39 37 34 34 36 35 30 29 34 34 32 24 18 10 17 17 8 6 18 28 32 29 30 24 23 23 24 24 27 30 30 30 33 35 34 28 31 32 30 33 31 27 29 30 31 29 26 26 28 21 20 19 18
9 30 32 34 38 38 35 32 35 34 32 32 34 35 34 34 34 34 27 34 37 38 37 36 33 35 34 38 37 33 34 36 35 29 29 30 29 30 19 6 6 10 10 3 5 13 25 27 28 27 27 27 24 26 27 28 30 31 31 32 33 32 23 19 22 30 29 28 28 31 31 34 32 20 18 18 18 19 18 17
14 32 32 34 37 36 36 34 35 33 33 32 32 33 32 33 34 29 25 30 36 39 38 32 29 28 35 35 33 32 30 32 30 28 28 21 18 20 14 1 0 1 1 2 3 14 26 28 31 28 31 29 26 28 28 30 30 31 34 31 32 28 19 14 17 29 28 24 26 26 28 30 28 21 17 17 17 18 17 17
30 32 32 34 33 31 34 34 33 33 29 28 28 29 28 32 30 26 22 21 28 33 33 29 23 23 30 30 25 23 21 21 21 23 20 10 0 0 0 1 1 2 3 4 11 28 28 28 28 30 32 32 29 28 28 30 29 30 33 31 34 31 22 15 16 22 23 18 18 16 21 22 17 17 14 17 16 16 19 18
31 33 31 35 35 29 27 26 23 22 17 19 25 24 15 26 25 22 31 29 18 23 22 21 18 18 17 19 20 17 13 12 12 9 3 2 1 1 2 3 4 7 12 14 26 30 31 30 28 29 32 33 33 30 32 31 29 29 30 33 36 34 29 16 17 17 17 17 15 17 32 28 16 16 13 14 15 16 17 17
30 30 32 30 29 19 14 5 9 8 8 10 28 27 10 16 17 18 27 24 15 6 6 10 6 15 18 22 28 26 21 18 9 4 6 4 4 4 9 11 11 15 28 31 29 31 31 30 28 29 31 33 34 32 32 31 31 29 29 32 32 33 30 16 16 17 18 16 16 16 25 23 13 12 12 11 13 15 15 13
25 28 28 20 18 3 1 2 4 4 3 8 30 28 17 4 7 8 14 14 12 8 12 13 15 31 34 35 37 33 29 20 12 9 20 9 7 9 22 22 28 27 28 31 32 32 32 30 31 30 31 34 34 35 33 32 30 29 32 33 31 25 22 15 16 17 18 17 15 15 11 10 11 10 9 11 12 13 13 11
25 24 22 22 18 6 5 6 6 7 10 13 21 20 11 13 13 12 13 14 15 12 14 29 31 33 34 33 35 32 30 23 20 21 27 21 8 19 26 28 29 29 29 29 32 32 35 32 34 33 31 33 33 35 32 31 31 31 35 33 29 10 13 14 16 20 28 29 15 16 10 8 9 7 8 10 12 10 10 8
25 25 28 28 25 16 16 16 11 12 12 13 13 15 15 15 14 14 14 15 14 13 15 31 34 33 30 27 29 29 33 32 26 30 32 27 17 29 32 31 28 29 30 33 34 34 35 33 33 33 31 31 32 36 36 31 31 33 33 32 26 7 8 10 14 28 32 29 18 15 9 9 7 6 5 8 10 8 11 12
26 28 27 28 27 26 29 25 11 17 16 13 13 13 14 15 13 14 14 14 12 13 20 30 31 31 27 27 27 29 29 32 28 29 32 30 29 30 31 29 28 28 29 35 35 34 35 34 34 33 33 33 33 35 35 33 34 33 30 27 17 6 7 10 17 32 38 28 21 12 11 9 7 6 5 6 11 8 22 29
29 30 27 25 27 26 29 25 15 30 27 13 12 12 12 12 12 13 12 12 15 17 26 27 26 28 30 28 25 27 29 33 28 26 31 30 32 33 34 31 28 29 29 30 34 33 35 35 35 35 34 33 33 33 32 33 34 34 30 23 5 6 10 19 34 35 35 29 23 12 11 8 7 5 5 6 9 5 7 24
29 30 28 26 28 24 21 21 22 32 28 15 11 10 11 11 11 11 11 14 30 28 21 22 29 30 31 29 24 28 28 29 28 27 30 30 30 29 32 32 31 28 27 30 33 32 34 35 35 35 33 31 33 33 33 31 34 33 31 22 5 7 18 33 33 29 24 21 15 10 9 7 5 5 6 7 9 7 6 11
28 28 29 27 29 26 11 11 12 24 20 11 10 10 12 10 9 10 10 12 27 26 18 21 28 28 27 28 28 31 31 29 27 25 28 28 30 32 31 30 31 33 28 31 34 30 32 33 34 35 34 35 32 34 32 33 32 31 29 17 6 9 30 29 27 21 12 12 10 8 6 4 5 6 6 7 7 6 5 6
28 29 28 28 25 20 11 11 9 9 12 15 15 11 11 10 8 5 5 9 24 25 24 23 24 24 24 27 31 29 28 29 26 22 23 30 34 36 35 32 32 34 29 29 32 31 32 32 32 34 34 35 34 34 31 34 30 32 27 6 7 10 29 28 21 8 9 9 8 7 6 5 6 6 6 6 6 6 6 5
28 29 26 26 19 7 9 9 10 10 17 34 31 10 10 6 5 9 10 18 28 28 27 28 25 25 25 27 28 28 28 27 29 24 21 29 30 31 33 33 33 33 28 31 30 31 31 32 31 32 32 34 33 33 31 33 32 32 27 6 9 10 20 20 14 8 7 7 7 6 6 6 7 6 8 6 7 7 6 6
29 26 27 27 20 7 8 14 14 15 28 35 31 8 8 4 9 30 31 30 29 27 27 28 26 27 30 29 27 30 30 31 32 30 26 29 26 28 28 28 29 31 30 24 22 28 28 29 32 32 32 33 32 33 32 31 29 28 23 10 10 9 11 11 10 6 7 7 7 8 10 9 6 6 8 8 7 7 6 6
30 33 30 25 19 6 12 33 31 24 26 32 28 8 7 11 22 29 29 32 33 30 27 28 28 28 31 30 28 30 34 33 31 30 27 28 29 28 26 27 26 29 23 6 8 19 28 32 33 33 32 29 29 32 32 28 25 23 18 12 12 13 12 10 8 7 8 8 10 12 18 16 7 7 10 10 8 7 7 6
29 33 32 26 19 9 19 29 28 26 28 33 33 25 13 17 26 24 19 30 32 32 30 26 27 28 29 31 30 29 32 31 30 29 30 30 31 30 26 27 26 22 6 7 6 7 22 29 32 29 23 22 25 28 26 23 15 10 11 10 12 22 19 10 9 8 8 10 13 13 16 15 9 9 10 9 9 8 7 6
26 30 29 25 22 24 25 24 26 29 29 31 32 28 28 30 32 27 21 26 28 31 29 26 29 31 29 26 28 31 28 27 29 28 30 33 34 31 30 29 29 22 5 6 5 4 6 19 22 20 13 14 18 21 15 10 9 10 12 12 14 19 17 11 11 11 11 11 12 12 12 12 14 14 12 10 9 10 9 8
24 24 24 26 27 33 31 31 32 31 30 31 30 30 32 33 34 31 26 21 25 28 25 26 29 29 28 26 28 30 29 27 28 29 30 32 33 30 30 33 30 20 6 7 6 5 5 9 11 12 32 28 11 12 11 11 10 11 12 12 12 13 13 13 13 14 14 13 12 13 14 15 24 24 12 11 10 10 10 9
28 29 29 29 28 31 31 33 34 33 30 31 31 32 35 33 33 32 26 24 24 27 28 27 27 25 27 30 31 29 28 27 27 32 30 30 30 31 30 31 31 25 12 8 5 5 7 25 21 12 26 23 12 12 13 13 13 12 13 12 12 13 13 13 14 14 13 13 14 17 17 14 14 23 9 10 9 9 9 13
28 31 28 29 29 29 31 34 36 33 33 36 31 32 32 31 33 34 31 30 26 21 25 27 26 23 29 30 31 28 28 26 29 32 31 28 32 32 29 29 30 34 28 14 6 6 6 17 15 11 12 11 11 12 13 12 12 11 11 11 11 11 11 11 11 10 10 13 18 26 25 16 16 23 11 13 11 11 11 23
28 34 28 29 33 32 33 32 33 35 36 36 29 32 27 22 30 32 30 29 23 20 24 26 25 22 27 27 30 31 30 30 32 31 31 30 33 32 31 33 32 33 35 30 5 5 6 7 8 9 10 9 11 13 12 12 10 9 7 13 14 12 11 10 10 5 5 12 27 28 26 27 28 29 29 28 25 26 22 24
30 34 32 30 32 32 34 33 31 34 34 33 29 30 26 12 21 27 25 19 10 28 27 23 25 24 24 25 33 34 33 31 30 28 30 28 30 29 32 31 30 28 33 23 5 6 7 5 12 10 11 10 16 17 17 18 15 12 13 25 29 28 27 29 20 5 5 12 27 28 26 27 29 30 30 29 29 28 26 26
28 31 30 31 33 31 31 32 30 30 29 27 25 29 26 12 8 16 13 2 6 24 23 17 19 22 22 24 30 29 26 26 28 27 25 24 25 16 21 21 19 23 19 5 6 10 11 11 21 21 23 15 17 18 18 17 16 15 21 28 27 24 27 27 16 7 5 9 26 28 27 27 28 30 30 30 29 28 28 28
30 30 29 29 31 32 32 30 29 28 27 25 29 28 30 24 19 4 5 5 6 7 8 9 10 19 26 29 24 20 12 19 25 25 22 19 17 4 4 5 5 7 8 10 11 21 23 24 23 26 29 25 24 18 17 16 17 16 26 26 22 13 26 23 7 6 4 8 20 27 30 29 30 31 31 29 28 29 28 29
33 30 30 30 31 31 33 33 30 29 27 30 30 28 28 25 22 5 5 5 8 14 13 6 12 25 25 29 28 25 16 22 28 26 24 17 6 6 5 7 8 9 18 19 22 23 25 27 23 22 27 25 25 23 19 16 19 20 30 25 25 26 25 21 7 5 5 6 8 25 28 29 28 31 31 28 29 28 28 28
34 32 33 31 32 32 34 31 30 29 29 28 29 28 28 27 22 6 12 13 8 11 11 8 18 25 25 25 30 28 27 28 27 22 19 15 5 6 7 7 7 7 14 19 23 25 26 25 21 22 24 25 26 27 24 16 17 26 28 26 28 29 24 14 9 5 5 5 7 22 27 27 29 29 30 28 27 26 27 27
35 33 35 33 33 34 34 33 29 30 30 28 30 29 30 29 21 8 31 27 7 5 5 5 11 27 30 28 31 30 32 29 28 18 5 5 6 7 8 6 5 4 6 15 17 23 23 21 18 21 27 27 27 24 18 16 16 23 26 23 25 28 27 19 8 5 5 4 7 24 31 28 28 27 29 27 27 27 27 25
37 34 35 37 35 33 33 31 30 31 30 28 30 30 29 30 24 7 24 23 8 6 5 11 24 31 29 30 30 30 32 30 28 17 6 5 7 10 9 5 5 4 4 5 7 16 15 22 22 24 30 29 27 24 12 15 17 18 24 27 27 27 27 25 9 4 5 6 11 27 27 28 29 28 27 28 30 28 26 26
35 34 31 36 34 31 33 29 30 30 28 30 31 31 30 31 25 6 6 7 8 7 12 24 25 29 28 29 29 30 28 30 31 22 6 6 7 9 8 7 7 6 4 5 5 6 8 21 23 24 27 26 26 25 14 20 22 24 25 26 27 28 30 25 11 10 5 8 20 22 21 27 28 27 28 27 28 27 27 27
35 34 34 33 33 31 33 31 32 31 28 33 32 33 29 31 27 8 11 10 7 9 26 26 26 29 29 33 31 29 28 27 29 26 9 6 7 8 7 7 12 11 5 5 6 6 8 22 23 24 28 27 27 26 27 26 24 25 26 27 26 28 30 30 28 24 7 5 12 12 11 24 26 25 26 26 24 26 27 27
35 33 33 30 31 31 32 29 34 30 29 33 32 34 31 27 24 9 25 21 5 8 25 26 28 29 28 32 31 28 30 30 31 30 23 6 7 6 5 4 4 5 6 5 7 7 7 16 18 23 25 29 29 28 28 26 25 24 26 28 25 28 28 29 27 25 16 4 4 10 22 22 24 19 25 27 25 26 28 28
35 33 30 28 28 31 32 28 33 31 33 32 28 28 21 13 13 9 24 25 5 12 23 29 30 29 30 28 29 29 30 32 31 27 19 7 7 5 5 4 4 6 6 6 6 11 11 10 12 25 25 29 29 29 28 28 27 28 27 30 28 28 27 22 21 18 11 4 10 22 19 18 14 6 18 23 25 20 25 27
31 28 29 30 31 32 29 27 27 31 33 32 24 15 5 9 10 6 7 17 9 29 26 29 30 30 30 30 29 31 32 31 30 23 7 7 6 6 5 4 5 6 7 6 7 28 29 26 27 29 28 26 26 29 29 29 28 28 27 29 28 27 24 9 5 4 5 8 26 23 5 7 5 5 7 17 17 7 17 24
