input/20181/4/tree-height.asc
NCOLS 80 
NROWS 80 
XLLCORNER 448052.412540805 
YLLCORNER 5379847.45755278 
CELLSIZE 5 
NODATA_value -3.4e+38 
22.000000000000000 21 21 23 25 28 27 27 28 28 24 25 25 28 26 26 23 23 25 26 25 21 21 20 21 25 27 25 26 26 24 27 23 21 24 24 24 22 17 7 8 7 11 7 6 10 25 24 18 12 13 13 11 2 3 6 8 12 14 13 12 12 13 13 22 20 9 8 7 4 3 4 4 7 14 10 9 25 27 27
22 24 24 23 25 29 29 28 28 27 25 25 24 26 25 29 30 23 23 23 21 23 22 22 22 24 24 24 27 26 23 26 23 23 27 26 23 26 22 25 26 20 14 6 6 11 20 18 9 13 13 2 3 3 4 10 14 18 26 27 26 16 12 13 26 24 10 6 8 4 3 3 3 9 16 13 15 26 24 27
19 22 24 23 24 28 29 28 28 28 26 23 23 22 23 28 31 30 24 24 23 21 23 24 23 23 20 21 24 23 22 22 21 23 25 25 23 26 23 25 26 24 23 17 6 6 8 7 6 4 10 3 2 2 5 11 13 18 23 24 24 18 11 10 23 20 9 6 6 4 8 7 3 9 20 21 35 35 29 28
19 19 24 24 24 26 27 26 27 26 23 22 22 22 21 25 28 28 26 26 21 20 22 24 23 21 20 20 21 24 23 22 23 24 25 24 25 26 21 24 25 26 27 26 18 22 26 19 6 6 7 7 7 7 7 11 9 9 10 10 14 12 8 7 12 11 7 3 2 4 8 6 2 5 19 23 35 37 36 37
24 27 25 25 25 25 25 26 26 25 23 23 23 22 22 24 25 25 25 26 22 19 19 22 23 22 21 21 23 30 27 25 27 25 23 22 25 26 24 24 28 26 28 26 23 26 28 25 22 19 19 26 25 24 17 16 8 4 3 6 3 5 3 7 7 6 4 2 2 3 2 1 2 4 12 18 24 36 36 31
26 28 27 26 24 26 24 25 27 27 25 22 23 22 22 23 23 24 25 26 22 20 20 19 19 21 20 22 23 30 29 25 25 23 23 22 22 23 23 24 29 26 25 27 28 29 31 29 27 24 23 26 25 26 25 27 21 11 7 7 4 3 4 4 6 5 4 2 3 3 2 2 2 4 7 2 7 31 32 24
26 26 28 26 25 25 24 25 27 28 25 24 22 19 24 24 24 25 27 33 30 27 26 21 18 19 19 20 22 25 25 24 22 22 23 21 22 25 24 23 25 23 26 27 28 29 28 25 25 23 26 25 25 25 25 26 22 14 8 8 7 7 8 8 7 8 10 8 10 9 7 9 8 7 3 3 9 20 27 23
27 27 28 26 26 26 25 25 24 28 26 23 22 19 23 24 25 25 26 32 33 34 32 28 25 21 21 22 22 24 21 20 21 19 20 20 20 25 24 22 22 23 25 25 26 26 22 23 23 23 27 27 26 22 22 21 23 21 7 8 7 7 8 8 9 14 23 23 25 22 22 26 25 21 7 10 21 21 26 28
28 29 27 23 24 25 24 25 24 28 27 20 21 21 24 25 27 25 24 28 31 32 31 29 29 28 28 26 22 24 20 20 21 19 19 21 21 22 21 23 22 22 23 23 23 24 24 22 23 24 26 27 26 25 25 23 27 25 10 7 7 7 11 12 23 27 27 23 25 26 24 26 27 28 26 26 27 26 25 31
27 29 30 29 24 23 24 26 23 24 24 23 23 23 25 25 26 26 26 27 25 28 32 28 28 28 27 27 25 25 24 20 19 19 21 22 22 24 21 23 23 23 23 24 23 25 24 24 25 24 23 24 24 27 26 21 27 27 23 10 10 12 24 26 27 28 26 24 27 27 23 25 27 27 27 27 28 28 27 30
27 29 30 30 25 22 26 27 26 26 25 24 26 25 25 26 27 27 27 28 25 27 28 26 27 27 26 26 26 27 28 26 24 23 25 24 24 24 23 24 23 23 22 23 23 24 24 24 26 24 24 23 26 26 26 24 25 25 25 23 25 26 26 27 27 27 26 24 27 27 28 27 25 26 27 27 28 28 28 29
28 27 33 29 24 25 29 29 24 26 27 25 27 27 26 26 28 29 27 28 27 28 27 27 26 26 26 29 28 27 27 27 27 26 28 26 23 22 24 24 23 23 22 23 24 23 24 23 23 21 23 24 24 23 26 24 25 28 27 27 29 27 26 25 25 25 26 21 25 25 30 29 25 26 27 27 27 28 28 27
31 28 33 26 21 24 27 27 22 24 26 24 27 27 28 25 26 27 24 27 27 29 26 26 23 25 25 27 27 25 27 28 27 28 29 27 26 27 26 25 22 22 24 26 24 23 23 23 22 22 23 24 25 23 25 24 28 29 26 26 28 27 25 23 23 24 24 21 22 24 29 27 26 24 25 25 27 27 27 28
32 27 26 26 25 24 25 23 23 23 23 24 27 28 27 25 23 25 26 26 26 27 25 26 24 25 24 24 25 25 27 27 27 28 26 26 27 27 27 24 22 23 23 24 22 22 23 25 24 23 24 22 23 24 25 24 26 28 28 27 26 25 26 23 24 25 23 23 23 25 28 26 24 23 26 25 25 27 27 30
27 27 24 25 25 25 28 24 21 22 25 29 28 26 24 26 24 24 26 24 22 24 25 26 25 22 24 27 27 25 25 25 25 26 26 26 26 28 29 23 22 21 21 21 21 20 24 24 22 25 26 23 24 26 25 27 26 29 29 29 28 26 25 24 24 26 25 23 24 25 24 24 24 25 31 29 24 25 27 30
27 27 26 24 24 24 25 24 23 24 25 20 23 27 26 25 25 24 25 26 22 23 24 25 25 24 23 23 24 26 24 24 24 24 24 24 24 26 27 24 22 21 20 21 23 21 23 23 23 26 26 23 25 27 25 26 24 27 30 29 28 26 25 23 24 27 28 27 28 27 26 26 27 26 29 28 27 26 28 31
27 27 26 26 26 23 23 24 26 25 21 9 15 27 27 26 24 23 22 23 21 24 25 25 23 24 23 23 23 23 22 21 24 25 25 24 24 25 24 22 19 21 21 21 23 23 22 23 25 26 25 23 24 24 25 26 24 24 27 29 29 27 25 25 26 26 27 32 34 29 28 28 27 26 28 28 27 28 32 33
26 28 24 23 29 25 23 21 26 25 24 27 29 26 25 25 24 25 22 19 19 24 23 23 17 23 23 21 22 22 22 20 23 24 25 25 24 25 24 20 18 20 21 21 23 23 22 22 23 24 24 23 23 25 25 27 25 25 25 29 35 31 25 27 26 27 26 30 34 33 29 28 29 27 29 28 29 29 30 33
30 28 22 19 28 30 26 26 27 26 25 27 27 25 24 22 23 24 17 11 15 21 21 18 7 20 21 18 20 22 23 20 23 23 23 24 25 26 25 21 19 19 21 22 22 22 22 21 24 23 24 24 23 27 25 27 26 26 27 30 33 31 25 29 26 26 26 33 35 33 31 30 29 29 28 28 29 28 29 33
30 31 29 28 30 29 27 26 26 25 23 24 22 19 19 15 18 20 14 14 15 19 21 16 14 10 16 19 21 25 24 21 22 24 24 26 26 25 24 19 18 21 22 22 21 19 23 21 22 22 22 23 24 27 26 28 26 25 25 30 29 27 27 28 25 26 28 33 33 33 33 32 29 28 27 28 29 27 31 32
31 30 32 29 30 29 26 27 25 28 24 27 24 15 17 17 19 22 19 15 12 13 17 17 18 19 21 19 20 23 21 18 23 24 27 28 26 26 23 17 19 21 23 22 23 21 23 22 22 23 23 23 25 26 27 29 28 28 28 26 28 27 28 27 27 29 30 30 30 33 33 32 30 27 28 29 28 27 30 34
30 28 30 30 30 29 25 25 29 29 25 23 22 16 18 18 22 21 18 15 14 15 15 18 19 16 15 16 17 16 12 12 19 19 25 26 26 26 23 22 21 22 24 25 26 22 23 23 24 25 24 25 26 27 27 28 29 29 34 32 29 26 27 27 27 27 32 31 31 32 33 30 29 28 29 28 27 29 31 33
34 33 30 30 29 28 29 28 31 31 25 13 17 18 19 21 26 27 26 17 18 17 15 18 18 15 15 19 17 16 15 15 14 12 21 22 23 27 27 26 23 22 28 29 28 25 26 25 24 23 24 26 24 26 27 28 28 28 32 32 31 28 23 25 26 29 33 37 38 35 32 27 26 29 28 28 27 28 30 30
32 32 31 30 28 29 33 31 32 30 21 16 24 24 23 20 24 24 26 27 26 17 16 15 15 16 20 24 21 18 17 18 17 19 26 25 25 29 30 27 28 28 28 28 26 26 30 29 25 25 25 25 25 25 26 28 27 27 29 30 33 30 26 26 27 32 32 35 35 33 30 26 27 29 28 29 28 28 29 31
32 30 29 29 25 31 33 31 30 27 17 22 25 23 22 20 22 21 24 26 25 19 19 19 17 21 24 25 25 24 19 21 25 30 30 31 31 30 28 26 29 29 29 27 21 29 33 31 28 29 26 24 26 26 25 26 28 27 28 30 32 32 28 28 30 32 30 29 28 26 26 26 27 28 29 29 29 29 29 29
34 26 25 26 25 30 28 26 26 24 24 24 22 17 20 21 22 21 20 19 20 21 20 20 20 26 27 23 26 24 15 20 28 30 32 32 33 33 25 19 26 28 27 26 23 29 31 31 24 30 29 24 24 26 26 26 25 24 27 29 28 33 31 28 32 32 30 28 27 27 27 26 27 28 30 30 29 31 31 30
36 30 27 30 31 31 25 26 25 22 25 24 24 20 22 23 23 22 22 21 21 22 22 20 21 27 27 23 23 20 15 16 31 33 32 31 32 27 26 10 21 31 31 31 29 28 30 30 24 29 29 24 22 25 26 25 21 23 27 28 25 26 27 27 30 30 30 27 28 28 27 26 26 27 29 31 30 29 33 32
37 34 29 30 31 30 29 27 27 23 24 25 24 24 26 24 23 21 21 22 23 24 23 21 21 28 28 25 15 16 15 18 33 36 31 30 30 13 20 9 20 30 31 31 29 26 32 32 32 29 32 31 25 27 23 25 25 27 28 28 24 26 26 26 26 27 29 26 27 27 27 28 27 26 27 29 30 29 32 32
39 38 30 29 29 28 28 28 31 27 25 24 22 24 25 25 21 23 24 25 26 25 23 21 19 25 25 24 17 17 16 17 29 31 31 31 30 25 10 14 28 29 33 30 30 30 34 34 33 32 36 36 32 33 23 27 28 31 29 29 28 27 26 27 27 28 27 27 26 26 25 31 28 30 30 30 32 30 31 32
37 36 32 27 26 26 26 25 29 27 27 26 26 27 27 25 20 24 25 26 26 24 23 21 19 18 21 21 17 17 17 16 28 29 29 31 28 29 27 30 31 30 31 32 34 32 33 34 31 31 35 37 35 33 29 30 29 31 29 29 29 28 27 27 27 28 27 26 27 27 24 29 29 29 29 30 32 32 34 33
30 29 31 27 24 23 22 22 22 23 28 27 27 31 29 25 22 24 25 26 26 25 25 22 21 22 30 29 16 18 17 15 24 31 30 29 24 27 28 30 30 31 32 33 32 32 33 32 31 33 33 33 33 33 32 29 29 30 30 29 29 27 27 27 25 25 24 24 29 28 25 25 26 28 28 30 33 35 35 31
26 26 26 23 22 25 22 24 23 22 27 25 25 29 29 29 29 23 24 24 25 25 24 23 21 21 29 28 17 17 16 16 16 35 34 31 28 28 29 30 30 31 33 34 33 37 32 31 31 33 34 32 31 34 33 26 27 27 31 29 28 28 27 30 31 30 27 25 29 29 30 27 25 26 29 30 34 34 33 30
22 24 22 22 25 26 23 22 22 23 24 24 24 26 28 28 28 23 21 23 22 23 23 21 19 19 23 22 18 18 17 18 26 28 29 29 27 29 30 30 31 32 34 33 34 34 31 31 32 32 33 32 31 33 33 29 28 26 28 27 28 29 30 32 32 31 31 27 30 30 32 30 27 27 31 32 34 31 28 27
28 28 25 24 25 22 21 22 23 25 23 23 24 24 27 28 29 30 29 26 22 23 22 19 20 19 19 18 19 18 17 17 19 26 27 28 28 30 31 32 32 34 34 30 32 34 31 30 30 30 30 29 31 32 33 33 31 28 29 26 29 29 31 31 32 31 32 30 31 30 32 31 28 29 31 31 30 28 23 25
24 26 23 21 22 21 20 21 22 20 24 24 23 23 24 26 29 29 30 29 26 20 20 19 19 22 22 19 19 20 19 19 23 26 27 27 28 30 31 31 32 32 30 30 30 33 31 29 29 28 29 28 30 32 33 34 33 32 26 25 28 28 29 31 31 31 31 31 31 30 32 33 27 26 32 31 24 27 26 22
13 18 18 12 20 20 21 22 23 21 19 20 23 23 23 25 27 27 29 29 26 17 15 19 19 20 21 19 19 20 20 24 26 27 28 28 28 29 30 29 30 29 31 32 29 32 30 28 29 29 31 29 29 31 30 33 32 30 25 28 28 29 29 32 32 31 30 31 31 31 32 31 22 21 30 29 23 26 25 20
10 13 18 19 19 19 22 22 21 17 4 6 17 18 19 23 22 20 27 27 26 24 19 22 20 16 18 15 18 16 16 21 22 27 28 28 28 26 28 30 29 28 31 32 29 27 25 27 29 30 33 30 28 29 28 29 31 28 25 33 29 28 29 30 30 30 28 30 31 31 31 28 16 18 21 22 20 24 26 27
25 22 22 24 24 23 21 21 16 15 15 12 6 8 15 18 15 7 21 24 24 24 23 23 23 22 14 6 12 13 14 14 7 19 22 26 25 26 30 30 25 27 28 29 29 26 25 22 24 24 30 28 26 28 25 25 25 22 26 29 29 29 29 28 28 29 28 29 31 29 30 29 25 13 16 22 18 24 30 33
33 29 25 34 33 27 24 22 19 21 21 20 19 25 21 16 14 9 7 16 16 16 17 19 22 15 3 3 3 6 12 8 3 2 4 18 19 25 29 28 25 25 26 25 25 24 21 13 12 5 24 24 24 27 24 16 16 13 27 32 32 29 26 24 27 25 21 24 21 27 30 29 25 19 10 29 29 29 30 34
31 28 30 35 34 29 28 24 23 25 23 24 27 28 29 27 23 20 18 18 19 20 22 21 17 9 7 9 8 8 6 7 5 4 2 4 4 17 22 16 20 23 23 21 19 22 20 6 4 3 12 22 26 26 22 9 8 10 25 31 31 27 17 19 25 19 4 12 5 22 29 29 25 26 24 30 29 27 28 32
27 32 34 33 34 33 31 28 30 32 29 28 27 28 30 28 25 23 20 24 26 28 27 24 22 21 25 29 25 23 20 24 20 18 8 14 7 10 17 7 10 25 25 22 17 21 20 10 11 9 9 12 25 29 29 28 26 23 25 28 28 25 12 28 28 24 5 6 9 25 31 30 30 30 28 31 30 28 26 28
28 39 34 33 33 35 35 34 35 36 32 30 26 29 29 24 23 25 24 26 27 29 29 27 25 29 29 29 27 29 30 30 28 29 24 19 22 27 28 26 27 27 28 31 30 28 30 32 31 31 32 30 30 31 32 32 30 29 28 29 29 31 31 30 29 27 11 12 13 26 29 28 28 29 26 32 32 29 27 27
28 32 36 37 35 39 38 35 34 37 35 32 27 29 29 28 25 25 26 26 28 28 26 26 26 28 28 26 26 30 29 27 28 29 29 24 25 28 30 28 27 27 28 29 30 29 32 33 32 33 32 31 31 31 30 28 29 29 26 28 28 28 33 28 25 26 30 30 25 26 26 28 25 27 26 29 29 26 25 26
30 37 38 37 36 39 38 36 37 39 35 36 31 30 27 26 25 26 29 29 31 28 27 25 26 25 23 27 27 27 24 25 23 24 25 27 27 27 31 30 30 27 27 27 27 29 30 31 29 30 29 27 29 27 28 26 28 26 25 26 28 26 28 24 27 26 31 33 29 26 26 25 25 24 25 25 23 24 23 27
34 38 39 36 37 39 38 36 38 39 36 38 36 35 26 26 26 26 27 28 28 25 26 25 27 25 25 25 26 23 22 24 22 24 24 24 25 25 25 27 28 26 26 26 25 28 28 27 31 33 29 28 29 29 28 26 27 24 26 26 27 27 28 30 30 28 27 28 26 25 26 26 26 23 23 23 22 25 25 26
33 36 37 37 38 41 41 40 38 37 37 37 34 36 30 27 26 27 30 26 24 25 25 26 26 27 25 24 25 23 22 22 23 23 24 27 26 23 23 27 27 25 24 21 25 27 29 29 37 37 29 29 28 30 29 29 27 24 24 25 26 27 34 33 30 28 21 23 24 24 25 27 26 24 23 25 24 28 26 25
34 37 37 36 37 40 40 40 38 40 40 34 35 39 38 30 27 31 29 23 26 26 26 25 25 27 25 24 24 22 21 20 23 23 25 26 25 22 22 23 21 24 24 21 23 25 27 27 33 32 28 28 28 28 27 28 29 26 26 26 25 24 31 32 27 28 23 24 24 23 26 26 27 23 24 25 24 27 25 24
36 37 37 34 37 37 34 35 39 42 41 32 35 39 39 34 33 32 22 21 24 28 27 25 26 24 23 23 23 24 21 22 24 26 26 21 20 22 24 22 21 21 21 23 22 23 25 25 26 27 26 26 28 29 28 27 29 27 26 25 24 22 23 28 29 29 24 22 26 27 24 26 27 24 24 26 27 28 25 25
34 35 34 32 34 34 35 35 38 43 40 31 31 36 36 34 32 34 31 24 22 26 26 26 25 25 27 24 23 22 25 25 26 26 27 24 23 22 24 23 22 22 21 22 23 23 23 24 25 24 25 27 29 31 28 27 27 26 24 25 26 26 26 27 28 29 28 24 25 25 24 24 25 25 25 32 30 30 25 24
24 28 32 35 33 33 33 34 35 34 29 27 29 38 36 33 31 35 33 28 18 23 25 25 23 24 25 23 24 22 25 24 25 25 26 26 25 22 23 22 21 22 21 20 21 23 23 23 23 23 23 26 27 28 27 28 27 26 27 27 28 29 28 28 30 33 32 25 26 26 24 24 24 24 24 30 29 26 25 25
21 23 30 34 35 34 32 35 36 36 35 31 31 37 35 31 30 34 31 27 26 27 22 23 20 21 21 20 19 21 21 19 22 22 22 24 26 24 26 23 20 22 20 17 21 22 24 25 25 25 26 27 26 26 27 28 27 25 29 29 26 28 31 29 30 31 32 30 30 28 24 24 22 26 21 25 27 26 23 24
20 22 29 32 33 34 34 36 37 37 35 29 27 33 36 37 35 33 25 26 24 22 25 24 20 22 22 19 18 21 19 20 20 19 15 22 24 22 24 21 20 22 20 15 20 23 24 26 26 27 26 24 24 26 25 25 23 25 29 30 27 28 31 30 31 33 29 32 31 29 22 24 20 26 26 25 26 25 24 24
25 25 28 33 37 35 33 27 33 35 32 28 14 26 33 37 38 37 30 25 19 22 25 26 24 22 22 15 18 19 16 19 20 19 11 17 19 20 19 13 18 20 18 21 24 24 23 26 26 27 27 26 24 25 24 24 23 25 28 30 27 29 32 31 28 32 29 33 33 26 24 26 23 27 27 25 26 24 24 25
26 24 25 27 38 36 31 14 32 31 36 32 6 11 25 34 38 39 32 31 29 30 23 22 25 25 22 15 19 21 21 22 22 21 18 16 19 20 17 13 18 17 14 22 24 24 23 24 25 26 25 26 24 25 24 25 26 24 29 30 28 30 31 34 27 28 30 32 32 27 27 23 22 26 26 26 28 24 24 26
26 25 22 20 36 36 36 32 29 18 25 24 7 7 11 25 32 34 33 33 33 32 25 22 24 26 26 24 23 22 25 24 24 22 19 18 20 19 15 15 18 17 15 23 23 22 21 22 26 25 25 25 24 23 22 23 26 28 30 30 28 29 31 32 29 32 34 31 32 32 29 24 25 27 27 28 28 25 23 26
29 25 21 14 22 24 32 31 27 15 6 5 6 7 17 22 28 32 31 31 31 33 28 20 22 24 26 25 26 26 31 31 27 21 20 21 22 20 19 19 18 17 18 23 23 22 22 24 24 24 25 25 25 24 24 24 29 32 31 30 27 28 29 26 29 32 32 31 28 31 29 26 27 27 27 26 26 24 25 26
34 31 23 7 2 6 29 29 21 17 11 5 5 8 28 34 31 34 32 33 32 34 32 22 24 25 24 25 27 27 33 32 29 18 18 19 17 18 20 21 18 16 18 22 23 21 23 26 25 26 26 27 25 24 26 25 28 29 30 28 29 30 29 29 29 31 31 30 30 27 27 23 23 23 24 25 26 26 26 27
34 33 27 14 6 6 28 33 30 34 30 10 6 8 27 33 30 33 33 34 33 34 34 26 29 29 24 19 22 24 30 29 25 22 24 23 20 21 21 21 20 20 21 23 24 21 25 25 24 28 28 26 24 23 24 25 26 28 29 29 33 30 29 33 30 31 31 28 28 26 27 22 24 23 23 24 25 25 25 28
32 34 35 33 18 8 28 33 34 33 31 25 12 16 26 28 24 28 33 32 29 33 34 26 31 31 28 15 14 24 25 21 16 18 24 27 25 23 22 20 20 21 25 27 27 25 25 28 27 26 26 26 24 21 23 26 27 30 30 28 32 29 29 33 31 30 29 28 30 27 26 24 24 25 23 23 24 23 23 27
35 33 35 32 22 10 14 23 33 32 31 33 32 31 31 28 25 27 32 32 31 30 29 28 33 32 32 29 20 35 31 24 17 20 25 27 27 24 20 19 18 18 24 26 28 25 26 28 27 21 23 26 25 22 23 25 27 26 30 30 30 31 30 33 34 34 30 28 29 26 27 26 25 25 26 26 25 28 27 25
34 33 33 30 30 22 8 6 30 33 34 33 32 32 32 28 24 28 28 31 33 32 33 34 33 33 34 33 36 43 41 30 28 36 35 28 26 25 18 17 11 11 22 22 25 25 26 26 27 25 24 27 23 23 26 26 28 26 32 32 34 34 32 32 34 33 29 28 28 27 27 26 24 24 25 28 27 30 29 27
32 33 30 32 34 35 24 11 24 30 34 33 30 32 33 30 30 30 31 31 34 32 32 35 33 32 35 35 35 40 40 34 32 38 39 34 25 22 20 18 13 16 23 23 24 26 25 26 27 27 23 25 24 23 25 26 26 26 34 34 33 33 33 33 36 33 27 27 26 26 29 30 26 24 26 28 28 30 31 26
32 33 31 33 34 34 28 22 6 18 32 35 31 33 33 34 33 32 32 33 34 33 32 32 29 31 37 32 29 35 35 35 37 37 38 40 32 21 22 18 17 19 25 26 25 26 28 28 24 25 27 27 25 24 24 26 25 26 31 32 30 30 34 34 35 31 26 26 26 28 29 29 26 23 26 28 28 30 30 30
29 30 32 34 34 31 29 26 9 10 25 29 29 33 31 33 34 35 33 35 33 32 34 32 30 31 35 30 31 35 34 35 40 35 37 43 42 31 29 21 19 22 24 24 24 25 25 26 23 25 25 25 22 22 22 25 24 24 28 29 28 31 35 37 35 32 26 27 27 28 27 27 27 26 27 28 28 29 31 30
28 32 33 35 34 33 30 29 26 21 4 19 29 32 30 29 33 34 32 33 32 32 33 31 31 29 31 30 31 34 35 33 35 36 38 44 41 34 35 33 25 23 24 22 21 21 20 23 23 22 20 23 24 23 20 22 22 22 26 26 26 28 29 35 34 33 30 29 27 27 25 29 28 28 30 27 29 30 31 29
28 31 32 34 33 32 31 30 29 23 5 26 31 32 33 28 32 34 31 28 30 33 34 32 33 33 32 30 34 35 38 37 33 35 37 41 38 36 37 38 34 23 24 23 22 19 22 23 20 21 16 21 23 22 21 21 21 20 23 23 26 26 26 27 29 31 30 26 27 28 29 29 29 28 29 29 30 34 34 27
30 32 32 32 32 31 34 32 28 25 10 28 32 33 32 31 31 34 32 27 31 33 32 31 33 35 34 30 34 35 35 36 37 36 37 36 34 37 37 37 35 29 25 25 25 24 22 22 17 21 13 16 21 21 24 25 22 24 24 23 25 26 27 28 29 27 28 27 26 26 27 28 28 26 27 27 28 33 32 26
31 30 31 30 32 34 34 34 30 29 26 23 30 32 32 32 31 33 33 32 34 32 33 30 33 34 34 32 35 36 32 34 34 35 36 36 37 37 37 36 40 38 32 27 25 26 25 23 17 20 14 19 24 23 24 24 22 24 27 25 23 25 28 31 31 28 28 27 27 26 27 27 26 28 26 25 24 28 29 29
30 29 30 31 33 33 33 32 31 30 24 20 31 32 32 33 33 30 33 35 34 30 33 31 33 34 34 35 37 36 31 33 29 29 35 34 36 34 33 36 44 42 35 32 30 30 25 24 23 20 21 20 23 23 23 21 24 27 28 25 25 27 29 30 31 33 31 26 28 27 27 27 28 29 28 26 25 28 28 28
30 30 29 30 33 34 34 31 30 28 18 18 31 30 30 33 32 30 33 35 34 31 34 33 34 36 32 35 36 36 35 37 35 31 34 32 35 35 32 34 41 40 32 31 33 34 28 26 25 22 22 21 19 25 25 22 24 28 27 29 27 31 30 28 27 35 35 30 29 28 28 27 29 26 25 28 28 26 25 27
27 28 31 32 33 35 34 30 28 22 1 5 28 29 30 32 33 31 32 33 32 34 37 36 36 35 33 34 35 37 34 38 38 34 35 33 31 33 32 32 37 37 35 36 35 34 31 27 27 29 24 19 18 23 23 25 25 26 27 26 26 34 32 27 27 36 37 31 30 29 29 28 28 27 26 27 31 29 27 29
36 32 33 33 33 33 33 28 25 18 0 5 26 29 30 32 33 32 31 33 34 35 36 35 36 34 35 35 31 35 34 37 37 35 35 31 30 32 35 36 31 31 35 42 42 37 36 31 31 46 42 22 23 21 20 25 25 25 25 24 25 31 31 32 27 33 36 30 27 27 28 28 25 28 26 24 29 30 30 28
37 36 35 34 32 30 31 27 22 13 1 5 27 28 29 29 32 32 32 32 33 31 33 35 35 35 37 35 31 34 33 35 35 36 34 33 30 30 34 36 32 30 32 40 39 35 35 33 34 48 44 23 26 26 24 24 26 26 26 21 23 28 28 32 27 28 31 29 25 25 28 28 25 26 31 25 25 28 27 28
33 36 33 36 32 31 31 28 17 0 2 4 18 19 27 28 27 30 32 31 32 31 33 35 33 33 36 35 33 34 34 36 35 33 35 34 30 29 31 35 38 37 34 36 35 36 34 32 34 45 36 18 23 24 25 25 25 25 26 22 22 23 27 29 25 23 22 27 27 25 26 25 24 27 38 36 27 29 26 23
28 31 31 34 31 29 31 29 13 1 2 7 9 12 26 29 28 28 33 32 31 30 34 31 33 33 32 33 32 35 35 35 34 35 35 35 33 29 29 33 35 36 37 39 36 36 35 36 37 34 17 16 19 21 22 22 26 26 28 28 25 23 27 28 27 25 22 27 27 23 26 26 22 32 43 42 32 26 26 25
27 33 32 33 28 19 22 22 17 9 10 24 29 30 28 31 30 30 32 31 31 31 31 32 33 32 29 33 33 37 36 36 36 33 35 38 36 32 25 28 29 33 36 39 37 39 40 40 41 36 29 31 36 29 11 16 23 25 25 24 27 28 29 28 27 24 24 25 24 23 26 24 22 28 38 39 29 28 27 31
33 33 32 28 23 6 3 10 28 29 25 27 30 30 29 28 31 30 31 30 32 31 29 30 34 31 31 33 34 34 33 37 36 33 36 35 33 33 24 27 31 31 35 38 37 38 39 39 42 41 35 44 39 33 20 14 11 20 23 22 26 29 28 26 26 24 26 24 22 22 20 22 23 21 21 21 17 22 24 32
35 32 31 30 27 16 4 21 29 30 29 32 32 30 30 30 31 30 30 30 31 31 31 29 31 30 31 36 35 33 33 36 37 39 35 30 30 29 22 20 23 25 29 32 37 37 35 35 37 38 37 40 38 37 35 28 14 16 21 24 25 25 26 25 29 26 26 27 26 25 16 20 25 20 1 1 4 19 23 26
36 33 33 29 22 6 8 23 29 30 31 31 32 32 31 31 31 29 28 28 28 30 30 30 31 32 35 36 36 34 34 34 36 38 40 36 31 26 22 12 15 24 31 34 37 36 34 33 32 35 36 33 36 39 38 32 22 25 29 28 22 18 24 25 27 23 24 26 27 26 24 18 20 12 1 1 3 16 20 20
35 33 35 32 19 12 24 28 30 30 30 31 29 31 30 30 29 30 28 27 29 28 27 30 32 32 34 34 34 35 34 34 34 35 40 37 36 34 29 35 35 36 36 36 35 35 35 34 34 35 37 37 33 33 34 34 35 37 38 36 23 19 17 23 22 21 22 24 27 24 23 24 19 1 3 4 6 20 23 20
