input/20181/3/tree-height.asc
NCOLS 80 
NROWS 80 
XLLCORNER 448727.412540805 
YLLCORNER 5380027.45755278 
CELLSIZE 5 
NODATA_value -3.4e+38 
18.000000000000000 18 19 20 21 22 23 24 19 22 24 24 26 25 26 25 25 24 27 26 26 26 25 25 27 28 27 27 29 28 27 27 29 28 27 27 28 31 31 26 30 27 23 27 27 27 27 30 31 30 28 31 32 33 30 26 25 20 16 10 27 26 12 8 11 13 1 4 3 7 33 33 25 12 26 23 26 28 22 11
19 19 20 21 22 21 23 20 12 19 26 25 25 26 27 28 25 25 26 27 27 27 28 28 31 33 27 27 28 27 25 28 26 26 25 28 28 31 30 30 29 29 28 28 26 29 28 30 30 29 29 32 32 34 31 31 28 11 5 28 29 32 28 9 16 29 9 9 2 4 19 19 23 24 22 16 21 25 21 9
19 19 20 21 22 21 21 16 11 23 25 26 26 28 30 30 27 25 25 27 26 28 29 29 31 32 27 25 25 25 27 26 20 20 21 28 29 30 29 29 27 27 29 29 29 29 29 29 29 30 29 31 31 31 30 36 32 25 11 30 31 28 21 6 22 34 31 16 2 2 2 5 23 25 20 3 13 21 20 12
19 19 20 21 21 19 14 8 17 24 26 26 28 29 29 32 31 25 24 25 25 26 27 28 28 28 26 26 26 26 26 26 27 26 23 27 30 28 28 29 28 28 29 29 29 28 30 33 30 31 31 30 32 29 28 34 32 29 29 27 24 17 5 7 19 31 26 2 1 1 1 3 16 18 14 2 4 17 16 9
20 20 20 19 20 16 5 9 23 23 23 25 29 28 25 27 26 24 26 27 27 28 26 27 27 27 27 27 29 29 27 29 30 30 29 27 29 27 29 28 26 30 32 31 29 30 30 32 29 30 30 31 33 30 28 28 28 32 32 20 15 18 17 17 19 25 21 2 2 0 1 0 1 1 1 1 1 1 1 1
20 21 21 18 20 14 7 22 24 24 22 26 27 26 25 24 23 22 24 27 28 30 29 28 26 27 27 29 31 31 28 30 30 28 28 28 28 32 30 26 27 30 31 30 30 31 30 29 29 30 29 33 34 36 30 20 18 23 21 4 17 21 17 17 18 19 14 4 1 1 0 0 0 1 1 1 1 1 1 0
21 20 22 21 16 6 10 23 25 26 23 25 24 24 25 24 23 24 23 23 26 27 25 24 25 26 26 29 31 31 31 30 28 27 28 29 30 32 32 29 30 30 30 31 31 29 28 29 30 29 29 32 32 35 27 4 1 2 3 3 16 18 15 15 22 24 22 9 1 1 0 0 0 1 1 0 0 0 1 1
24 20 23 22 12 11 22 26 26 26 26 24 25 26 21 23 24 26 25 21 26 27 26 25 27 28 29 30 30 30 29 28 31 30 30 29 29 29 31 31 34 34 30 30 31 29 29 32 30 28 30 31 29 32 26 4 7 9 8 5 8 10 14 16 19 21 16 1 1 1 1 1 0 1 0 0 0 1 1 1
22 20 19 18 17 21 24 26 25 25 25 25 25 24 21 24 24 25 25 23 26 26 25 23 28 29 30 29 28 25 24 28 31 32 30 29 28 25 30 31 33 33 28 28 30 29 27 30 29 30 31 31 29 26 19 5 25 26 17 16 8 10 12 16 19 15 5 1 1 1 2 2 1 1 0 0 0 1 1 1
20 21 19 12 19 24 26 26 26 26 25 26 26 22 22 25 26 26 27 25 24 27 27 25 27 30 31 28 28 27 27 28 30 31 30 30 30 28 30 30 29 29 30 29 28 25 25 24 26 33 33 32 27 9 4 12 28 22 22 22 20 10 8 20 30 27 9 1 1 3 3 3 3 3 0 0 1 1 1 1
20 22 18 9 22 25 26 27 25 25 26 26 26 25 22 24 25 25 26 28 26 30 30 26 29 31 31 28 29 27 31 31 27 30 29 28 28 29 30 30 29 31 29 28 29 27 27 24 27 27 31 27 17 5 8 32 29 10 18 33 27 15 13 34 37 31 10 1 2 5 6 6 5 7 3 5 4 3 0 1
20 21 19 21 23 24 28 27 26 26 26 25 24 24 24 23 23 29 29 31 30 29 28 28 30 30 31 28 29 29 31 31 26 27 28 27 29 30 30 29 30 32 28 29 29 29 26 26 30 23 20 13 6 5 17 34 35 29 17 30 32 32 33 33 31 23 7 1 1 4 5 5 5 8 8 18 17 11 2 2
20 20 19 22 24 25 27 26 24 25 25 26 26 27 23 23 21 30 29 31 30 28 26 30 31 29 29 28 28 30 31 32 29 28 30 27 29 29 30 29 30 32 31 31 30 31 27 31 27 7 3 2 2 4 15 33 34 31 30 20 23 34 36 29 15 3 3 3 2 2 5 5 6 9 10 19 18 12 6 5
19 18 23 25 23 24 25 25 27 26 25 25 25 28 27 28 20 28 27 27 30 29 29 30 31 29 30 29 32 31 30 31 29 29 31 30 29 30 29 30 30 31 32 29 29 29 29 29 30 22 4 5 9 10 15 34 33 32 32 27 7 28 30 26 14 5 10 9 5 6 9 9 7 10 10 15 14 9 10 11
16 18 24 27 24 26 27 24 28 27 23 23 22 27 31 28 23 26 26 26 29 27 28 31 32 31 33 31 33 29 28 28 28 30 31 31 30 29 30 30 30 28 30 21 21 27 25 21 27 23 12 19 30 32 38 35 35 32 31 28 14 16 16 15 11 8 28 24 10 9 9 9 9 8 9 8 8 8 10 11
17 18 24 27 25 29 31 25 26 23 26 25 24 26 29 28 24 26 26 22 26 28 29 30 31 29 24 28 30 26 28 30 30 30 33 32 30 29 29 30 30 28 21 8 12 32 29 20 22 23 28 33 34 31 31 33 33 32 29 28 29 27 33 30 24 18 32 28 17 10 10 9 9 7 8 10 10 9 10 10
21 23 24 25 26 27 27 24 25 23 25 24 24 26 28 29 26 29 27 24 27 30 30 26 29 30 30 29 24 28 28 30 31 30 32 32 30 27 28 33 34 32 28 28 31 31 29 22 29 28 32 33 33 31 32 32 34 33 31 30 33 34 35 30 28 28 33 31 24 11 9 9 8 8 9 10 10 10 10 10
22 26 24 25 28 26 25 23 24 25 25 25 24 26 27 27 28 28 28 26 29 32 30 28 31 34 33 29 26 28 29 30 29 30 32 31 28 28 28 32 33 32 27 21 30 30 30 28 29 29 30 30 32 33 35 35 33 35 34 32 35 34 35 29 26 17 23 24 20 8 8 8 7 8 10 12 11 10 10 13
25 25 23 22 26 27 26 25 28 27 26 24 24 25 24 27 28 29 29 30 35 33 29 31 30 32 32 28 24 27 29 30 28 31 31 29 29 27 25 26 27 26 22 10 28 33 32 29 30 34 35 31 32 33 34 33 30 35 34 33 33 33 31 27 24 2 7 17 16 11 11 11 11 17 18 15 9 9 14 22
25 24 24 24 25 24 27 26 27 26 27 23 24 25 27 27 27 30 29 29 33 32 28 29 27 25 27 28 26 27 30 31 31 31 31 31 34 27 19 18 18 20 25 26 24 31 32 30 32 35 34 33 33 32 30 31 30 32 36 35 30 32 31 28 24 1 3 13 13 8 10 15 28 29 30 22 11 8 24 28
22 24 23 24 26 26 29 29 26 26 27 24 24 26 32 30 27 27 27 28 30 29 28 26 26 25 26 29 30 30 29 30 30 31 32 32 34 30 15 2 2 12 28 27 28 28 31 32 31 31 29 30 31 31 29 30 29 30 31 32 30 29 31 29 22 2 2 4 7 10 10 22 30 31 30 28 17 7 27 31
25 22 23 24 23 24 25 26 25 24 26 28 28 30 31 28 26 26 26 26 33 32 28 28 27 27 28 30 29 30 27 31 30 29 30 29 29 25 14 6 8 11 29 27 26 28 30 31 31 28 27 27 27 28 30 30 29 28 28 31 32 32 30 21 9 3 6 2 5 6 9 19 29 30 28 20 5 18 29 36
26 20 22 21 19 21 23 24 26 28 26 26 28 31 28 24 25 25 28 27 31 31 32 31 28 30 29 30 29 30 30 28 23 22 27 23 30 25 27 21 26 26 28 28 26 27 26 27 31 30 29 30 27 27 28 27 28 28 28 30 32 33 29 14 13 9 20 2 2 4 10 12 22 23 19 9 17 29 28 34
24 22 21 24 25 24 24 23 22 27 26 25 27 28 26 22 26 30 33 29 29 29 32 31 31 35 29 28 29 28 26 20 4 4 16 19 25 27 28 25 27 28 30 29 27 28 27 28 30 31 32 32 29 25 27 26 27 28 29 34 33 33 29 28 27 22 20 10 9 4 16 16 12 10 5 14 34 33 22 23
24 22 20 25 26 24 25 27 22 24 23 26 27 28 26 23 25 31 33 31 30 28 28 30 30 32 29 30 29 26 22 18 7 2 4 23 26 28 28 29 27 31 32 29 28 28 27 30 30 32 33 32 33 33 31 26 25 27 29 33 34 33 29 29 32 25 25 33 22 3 13 12 9 8 13 33 33 32 18 5
26 25 26 26 26 25 26 25 20 23 23 25 26 27 27 26 30 34 30 29 29 28 29 30 29 30 28 29 27 22 18 11 2 9 11 26 28 29 27 29 30 31 34 31 29 30 29 31 33 33 33 31 31 30 29 28 29 28 27 30 33 31 29 31 32 32 35 29 1 1 2 3 9 31 33 35 35 34 28 12
22 23 27 26 25 26 28 25 23 21 23 26 27 26 29 29 32 34 32 28 29 29 29 29 28 28 27 25 22 15 19 8 12 34 33 35 30 29 28 31 31 30 30 33 30 29 30 31 33 35 32 31 31 30 29 29 31 28 27 27 30 27 29 32 31 31 32 28 1 2 4 8 15 36 42 37 41 36 36 33
16 22 27 27 25 27 29 28 26 27 23 25 27 25 26 29 31 31 29 27 29 27 28 28 27 25 21 15 14 12 32 32 30 34 34 34 32 30 28 31 32 31 33 31 29 29 31 32 33 33 32 31 30 29 31 32 33 28 28 30 31 30 32 32 30 28 25 20 2 3 8 11 30 37 38 37 37 38 34 35
27 23 26 29 26 29 29 29 27 28 28 27 29 30 27 29 30 30 27 27 27 26 24 24 19 19 19 15 12 32 38 37 28 29 29 27 31 32 28 29 30 27 30 30 31 31 30 32 31 30 32 34 30 31 31 29 23 20 21 30 31 31 31 32 30 26 16 12 3 13 25 14 36 37 37 35 31 34 36 34
30 26 25 29 27 22 26 27 27 25 24 22 24 26 27 26 30 29 27 27 27 25 23 17 3 9 28 28 31 32 37 36 29 27 27 27 30 33 32 28 28 32 30 29 32 31 31 31 32 31 31 32 29 32 31 22 2 5 12 30 29 27 30 30 29 22 19 20 14 38 38 36 36 35 38 35 30 33 35 33
30 26 28 26 23 9 23 25 26 26 24 23 25 27 26 26 27 26 28 28 26 22 15 14 11 24 29 30 30 30 31 30 30 28 27 27 30 33 32 28 30 30 27 26 29 31 27 24 30 29 23 30 32 30 23 15 8 18 29 30 26 18 26 26 26 23 23 31 35 36 36 38 37 36 37 35 34 34 34 33
29 27 28 26 24 22 24 25 24 25 24 25 25 27 25 26 26 26 27 27 25 19 8 9 20 25 28 33 31 29 27 28 28 30 29 27 30 30 29 27 28 24 23 24 21 23 15 9 20 21 10 20 27 27 2 5 20 23 28 28 24 22 25 25 25 23 21 33 37 35 33 36 35 32 31 30 34 34 35 31
29 27 27 26 24 25 24 23 22 22 22 25 25 26 25 25 25 25 21 21 21 22 24 22 9 22 27 32 31 29 27 30 32 32 28 28 29 29 26 26 25 25 24 22 5 13 16 14 12 13 8 9 12 22 2 4 15 18 24 24 22 24 24 22 19 23 17 33 39 38 40 39 39 33 30 17 24 34 35 30
25 24 24 25 22 24 25 25 20 20 22 24 25 25 25 22 22 24 18 17 21 23 25 23 8 16 21 28 29 29 28 28 32 32 28 31 30 27 22 24 25 25 24 19 3 8 16 20 18 15 14 12 12 9 3 2 4 6 19 20 18 18 18 19 6 33 33 34 41 36 41 37 33 32 29 22 36 36 34 30
24 23 23 24 19 17 16 18 17 21 21 25 26 27 24 19 21 24 23 23 29 28 27 28 24 6 7 24 27 27 29 29 30 30 30 30 27 18 7 17 23 24 22 12 8 19 20 18 18 15 13 12 12 12 6 5 13 12 5 7 3 2 11 25 14 34 34 35 35 37 39 41 36 33 35 36 37 35 34 32
17 18 20 20 18 8 9 21 21 21 23 27 28 33 30 30 27 28 29 28 31 32 31 31 30 23 17 18 25 23 21 22 28 29 30 28 21 4 3 13 16 18 18 17 17 21 17 14 14 10 11 11 16 21 6 11 19 18 11 9 9 12 30 37 37 37 34 35 35 37 36 37 35 34 36 40 38 35 36 33
5 6 14 20 20 19 18 22 25 26 28 27 27 29 30 29 29 29 28 29 30 32 31 33 32 30 26 23 21 12 3 4 20 21 28 26 19 8 3 4 11 14 18 38 36 29 16 13 11 12 10 11 20 22 10 29 31 27 15 28 30 33 32 35 33 36 34 36 33 37 37 36 34 34 38 45 45 38 37 34
17 17 24 27 25 23 21 24 28 29 28 27 27 26 28 25 28 29 26 27 30 30 31 32 32 31 29 28 24 15 1 1 1 3 16 18 19 18 9 10 33 36 36 38 37 38 37 24 12 12 10 11 15 25 25 30 31 29 30 33 33 35 35 35 33 36 35 33 26 33 36 36 35 36 36 38 41 37 36 29
25 27 30 29 24 23 26 28 28 27 27 27 26 22 27 27 31 30 28 28 30 31 32 31 31 31 30 30 28 16 2 0 1 2 2 6 18 17 10 15 36 40 37 41 39 38 36 20 11 10 11 14 27 31 30 30 29 25 23 27 29 32 33 33 34 33 35 32 18 34 33 26 31 36 34 38 36 35 31 18
29 32 31 27 22 22 26 27 28 28 28 27 25 22 28 29 30 31 29 29 30 31 31 32 31 31 31 28 24 15 3 9 10 8 3 6 16 18 14 17 36 42 37 43 37 36 29 10 11 11 10 13 28 33 32 32 30 22 11 16 24 30 32 31 34 32 34 34 27 35 29 4 22 37 34 35 36 35 32 21
23 25 26 22 22 23 23 24 27 28 27 22 21 29 27 28 28 30 30 28 30 29 31 32 31 31 30 24 15 13 8 32 33 23 5 11 24 32 32 34 36 38 37 37 38 34 23 10 12 11 11 13 25 33 34 34 31 25 13 28 31 32 35 30 31 32 34 34 32 34 27 4 8 27 30 31 34 33 31 27
10 12 19 18 15 17 14 17 21 25 26 24 21 31 31 30 30 29 29 27 28 28 32 31 30 32 30 23 17 15 17 34 33 24 12 26 34 33 36 36 35 36 40 41 41 35 12 10 12 12 16 18 17 31 32 34 32 26 13 31 33 33 35 33 31 32 32 32 33 31 25 13 8 14 24 28 31 31 31 32
6 18 27 24 8 4 2 3 12 22 34 33 29 32 31 32 33 30 30 29 29 28 32 32 30 31 32 31 29 24 28 35 30 28 31 32 34 35 37 37 35 37 39 40 41 37 18 15 17 13 27 33 35 34 31 33 32 26 13 29 31 30 28 32 30 26 29 32 32 29 22 19 17 33 32 31 31 30 32 33
11 22 31 31 24 8 8 11 30 33 36 33 30 33 32 32 32 31 31 31 30 29 33 33 31 31 32 33 35 32 33 35 32 31 32 34 34 34 36 40 35 37 40 39 40 38 35 29 30 16 32 35 35 32 26 27 28 23 12 22 22 19 10 21 21 8 20 25 23 19 27 31 35 35 35 34 30 28 34 33
16 23 29 29 25 25 26 26 31 36 34 29 30 31 32 30 29 31 31 31 30 32 32 32 31 31 33 32 35 34 34 32 33 31 32 32 35 33 34 34 33 36 36 32 30 30 36 27 24 24 26 24 25 22 9 16 23 18 9 8 10 9 10 10 10 7 5 1 2 8 31 32 33 34 33 33 29 27 38 34
18 23 23 24 23 29 29 28 29 34 31 30 29 31 32 31 29 30 32 32 31 32 32 31 31 32 34 31 32 34 33 33 32 31 35 32 34 34 33 33 32 31 30 28 6 9 21 6 8 9 7 5 5 5 5 8 16 12 9 11 11 9 9 9 9 5 2 6 12 21 33 32 31 29 31 31 31 30 42 35
22 28 27 26 26 30 30 32 31 30 27 29 30 32 31 31 30 31 32 31 32 32 32 32 31 31 32 30 32 32 32 31 27 25 31 31 32 33 30 31 29 24 24 21 6 6 6 7 7 9 10 8 7 6 8 7 8 8 9 10 9 10 8 7 5 5 10 20 33 35 33 33 31 27 30 34 38 36 34 37
29 32 32 29 31 30 30 33 32 28 27 28 30 30 30 30 29 31 31 30 31 31 32 32 29 29 29 29 30 29 30 32 31 28 29 30 31 32 30 30 26 4 5 6 6 7 7 7 8 8 10 10 11 11 15 8 9 9 10 10 7 8 10 8 3 12 29 30 32 35 34 35 35 31 37 35 37 36 36 38
29 31 31 31 30 31 29 30 32 28 28 29 29 28 30 30 29 30 30 31 29 28 28 31 27 28 29 29 28 28 29 31 29 31 33 30 27 25 27 27 24 9 4 5 6 6 7 7 7 7 10 11 18 19 15 9 10 10 11 9 5 11 28 25 11 34 34 34 35 32 29 35 35 34 33 36 35 34 36 38
29 28 29 29 28 30 29 30 30 29 29 32 31 29 30 30 30 31 30 31 28 27 29 29 30 29 27 27 27 28 30 31 29 30 32 31 31 29 28 24 30 29 9 5 5 5 6 6 7 8 9 10 17 19 17 10 10 11 10 6 14 26 30 29 26 35 34 34 35 31 21 30 32 32 30 36 35 34 35 35
28 29 27 29 29 28 29 28 27 28 29 29 31 31 31 34 31 30 30 29 27 28 30 30 30 28 27 28 26 29 29 28 30 31 31 31 33 31 27 7 23 29 23 10 9 9 6 7 7 11 12 10 15 18 16 8 9 9 9 12 30 20 23 26 35 33 34 38 37 36 34 30 32 33 31 40 39 33 32 34
28 29 29 27 28 30 27 28 29 30 29 29 31 31 29 32 30 29 29 29 28 30 30 30 29 26 28 28 26 28 29 28 31 33 31 31 31 30 25 4 7 28 28 25 20 19 11 10 10 11 12 8 15 16 15 8 9 10 11 13 22 7 8 15 27 32 34 36 39 39 37 35 36 37 35 38 38 35 34 32
27 28 27 25 26 29 29 29 29 29 27 30 30 32 31 28 29 29 30 31 32 28 30 30 28 27 28 29 27 28 34 31 32 34 31 31 31 31 24 4 7 28 28 28 25 28 30 27 20 11 15 10 17 17 14 12 10 10 10 9 10 15 21 23 30 33 37 36 38 36 35 36 38 37 33 33 33 33 33 31
29 29 26 23 25 28 30 29 29 29 28 29 30 31 31 28 30 30 30 32 30 29 29 28 29 28 28 29 29 33 32 31 32 32 27 30 29 28 25 7 8 28 29 29 28 30 33 31 22 17 26 22 27 26 25 23 11 11 12 9 14 32 36 32 16 28 33 39 37 38 36 37 38 37 35 33 34 33 32 30
27 26 25 24 27 27 29 28 30 30 30 29 28 29 29 32 28 30 30 30 30 29 29 29 29 28 28 27 28 28 29 30 31 29 28 29 29 28 26 18 13 26 28 28 25 28 31 30 23 25 28 26 32 31 30 27 20 15 18 13 20 32 34 31 18 36 37 38 37 38 35 36 37 37 36 34 32 32 32 32
27 28 26 26 27 26 26 29 30 34 29 28 29 28 31 31 28 30 30 27 30 28 29 31 29 28 30 30 29 28 28 28 29 28 30 30 28 28 26 23 23 25 26 27 25 23 22 26 25 27 31 30 30 30 30 29 28 27 24 20 16 24 31 34 35 37 36 35 37 39 38 37 36 35 33 36 35 34 34 34
26 28 26 29 29 29 28 28 27 28 26 29 30 28 31 31 28 28 28 30 28 29 29 30 29 29 31 30 29 25 24 26 28 29 31 31 28 28 27 25 25 25 25 23 18 15 21 26 30 31 31 30 30 31 28 27 30 33 32 21 9 12 35 37 36 38 37 34 35 36 36 34 37 35 32 34 35 34 35 34
24 26 28 28 27 29 29 28 24 24 27 28 28 26 29 29 27 29 27 29 26 29 29 30 28 28 28 28 29 23 24 24 27 28 28 27 26 27 26 22 23 22 18 16 5 8 29 27 26 28 29 28 30 31 30 29 30 31 32 26 23 21 34 35 34 37 37 36 33 31 33 33 35 35 33 33 30 28 32 32
27 26 27 28 28 28 28 27 27 26 25 26 25 25 26 27 27 29 28 29 28 27 28 29 27 27 28 27 28 26 28 29 25 27 26 23 21 23 22 15 21 19 4 4 4 7 23 20 15 19 26 23 29 30 30 33 32 29 32 34 31 32 31 33 34 34 35 34 32 31 30 29 27 31 32 32 29 28 32 31
26 26 27 25 25 27 27 26 26 27 27 24 24 24 24 26 24 25 29 29 26 27 26 29 29 30 31 30 29 29 29 27 22 23 24 24 17 18 17 6 13 14 5 6 5 6 10 12 11 8 21 19 26 28 31 32 31 31 30 34 33 35 35 38 37 28 30 32 31 34 32 27 25 26 28 30 29 27 30 29
25 25 28 25 24 26 26 27 27 28 28 26 27 27 25 25 23 23 25 25 26 26 29 29 29 31 32 29 28 30 27 21 15 10 16 15 6 6 7 6 7 6 9 10 7 10 25 25 18 11 16 19 27 29 35 30 28 30 32 31 35 35 33 36 35 27 27 30 30 32 31 30 29 26 27 31 30 25 24 23
23 25 27 27 27 26 26 29 28 26 26 27 27 24 27 28 27 24 20 24 26 25 23 29 28 30 30 23 22 24 24 19 14 11 11 4 6 7 12 17 16 8 8 9 9 14 25 25 14 10 16 22 31 32 35 33 29 30 31 32 35 34 31 30 27 24 30 31 30 29 28 28 27 26 27 30 26 25 21 21
19 25 26 26 25 21 25 28 26 26 26 26 23 16 23 26 26 22 16 25 26 21 12 29 26 22 20 6 8 8 12 14 14 28 26 9 6 7 19 20 18 11 6 7 13 24 26 27 25 16 24 31 33 32 33 34 30 29 30 31 34 35 35 34 27 26 30 32 30 32 30 25 24 29 29 29 27 24 13 16
16 27 26 27 26 26 26 26 25 27 28 27 22 10 16 22 26 23 11 22 26 26 26 29 23 8 9 9 10 8 9 8 9 28 27 21 7 6 16 16 13 9 6 7 12 24 24 24 28 28 28 32 34 32 32 37 33 32 31 28 31 33 33 33 29 28 29 30 28 30 32 31 31 33 31 26 25 19 13 17
30 29 26 26 28 28 28 26 26 26 26 24 23 16 17 23 24 23 24 22 23 24 26 25 20 11 7 7 9 9 9 8 9 21 20 13 9 5 11 10 9 4 4 6 11 19 19 20 28 31 31 31 26 28 28 33 32 30 31 28 29 31 31 29 27 29 30 29 27 27 31 31 26 27 29 27 28 21 16 21
30 29 27 27 28 27 26 27 27 27 26 20 18 7 9 25 23 22 21 18 17 16 19 20 27 25 12 8 7 7 8 8 7 7 7 7 6 5 11 10 5 5 5 6 15 20 20 28 27 31 31 28 11 22 31 32 30 30 28 23 23 30 29 26 26 32 33 33 29 29 31 29 21 24 30 28 28 26 30 30
27 29 28 27 26 24 26 27 26 24 23 10 10 11 15 23 20 16 14 10 9 8 7 10 22 26 23 8 7 7 7 8 8 8 7 7 6 7 4 6 6 6 6 7 9 16 21 27 26 33 28 24 14 24 29 29 27 29 20 10 12 25 28 25 27 31 31 31 29 35 33 32 32 34 33 33 32 29 30 30
26 28 28 27 26 25 23 23 21 19 22 19 18 23 23 22 20 17 18 21 16 12 12 12 13 23 19 8 8 8 7 6 6 7 7 7 7 7 6 7 7 7 7 8 8 15 29 29 28 29 32 23 22 26 31 29 27 28 24 18 19 20 26 26 31 31 29 32 28 33 34 31 34 34 30 34 34 33 32 33
26 27 25 26 25 24 24 20 12 21 23 23 24 26 26 25 24 25 22 26 29 28 28 29 29 26 12 8 9 9 7 7 7 7 7 7 6 7 7 8 8 8 8 8 15 19 28 28 28 30 29 24 26 27 34 32 25 26 26 25 27 27 27 26 30 29 27 29 29 26 30 28 30 31 31 35 34 31 32 33
24 24 23 23 24 24 27 26 23 24 26 25 24 25 25 26 25 27 26 26 29 30 29 31 30 31 26 12 13 14 12 9 8 10 9 9 10 10 8 8 8 8 8 10 30 28 20 26 29 24 27 26 27 27 32 31 29 31 30 25 26 27 26 25 26 26 24 26 30 31 30 31 30 29 30 31 30 27 30 33
19 20 21 22 20 25 28 25 24 24 26 25 25 27 25 25 25 26 27 27 29 30 30 32 32 30 28 26 30 30 20 12 16 14 10 10 9 10 9 9 8 9 10 11 26 25 16 31 27 9 23 29 27 26 28 26 25 29 29 26 26 27 28 25 26 24 23 28 30 36 35 33 29 29 30 24 23 26 27 30
18 14 18 25 22 22 27 25 24 26 26 26 27 27 29 24 22 20 28 28 28 31 30 30 30 29 28 28 30 30 22 22 24 18 13 10 9 11 10 9 9 10 13 12 13 17 18 25 23 15 30 30 29 29 27 24 24 24 24 26 26 26 26 27 30 29 25 28 30 35 35 32 27 30 31 31 32 27 27 28
21 21 23 24 23 26 26 25 24 25 26 25 24 25 27 20 15 10 28 27 25 27 29 29 29 29 28 28 30 28 28 28 28 24 25 10 9 11 10 10 10 16 19 14 11 11 11 10 12 29 31 29 29 29 27 29 29 25 25 26 27 27 27 29 31 31 27 31 31 34 35 30 29 31 31 33 32 32 28 29
23 23 23 24 25 28 27 25 27 25 23 20 20 20 20 19 13 11 26 25 20 27 28 29 29 30 28 28 30 31 27 29 29 32 28 8 9 10 13 12 12 23 23 21 19 12 11 16 20 31 33 30 26 29 25 28 27 27 25 27 28 26 28 32 32 33 33 32 31 32 33 30 33 35 31 31 31 32 33 31
24 24 24 24 27 28 27 26 28 24 16 14 14 16 16 15 9 11 26 26 24 28 28 27 24 25 27 28 30 30 30 31 31 31 27 10 8 15 23 21 19 24 25 26 26 18 19 22 26 30 31 28 27 29 27 30 27 26 27 26 27 28 32 31 31 32 33 31 28 27 27 29 32 35 32 29 31 30 31 31
24 25 25 25 27 25 24 24 28 24 13 22 19 20 20 18 12 12 23 31 30 28 25 24 25 23 27 28 28 28 29 30 29 24 24 21 9 26 27 21 29 32 31 31 30 22 27 28 31 27 25 24 30 27 27 30 28 26 27 29 29 29 30 26 29 29 31 30 30 29 30 33 32 36 35 29 31 30 29 27
24 24 25 25 26 27 25 25 28 27 26 27 27 24 26 26 24 16 20 25 26 25 25 25 24 23 26 27 27 28 28 25 24 26 29 25 7 21 20 14 29 34 32 27 27 24 26 28 29 25 21 19 30 30 28 28 30 32 26 27 26 24 26 23 28 32 37 34 35 35 34 35 34 34 32 30 29 27 30 28
23 22 23 25 26 26 26 26 25 26 27 28 27 26 28 28 26 22 23 24 27 25 27 27 25 27 28 27 25 28 27 21 23 31 31 26 5 9 12 17 29 33 31 22 23 26 26 29 27 24 23 28 31 30 29 27 29 29 26 25 22 25 25 26 31 36 37 34 35 38 39 36 35 33 27 30 29 29 33 28
22 22 24 26 25 26 25 24 21 23 27 29 28 28 29 28 25 22 26 26 26 25 26 24 25 29 26 26 23 25 26 24 27 31 31 27 9 20 28 33 27 29 27 30 32 31 27 31 33 29 29 31 29 29 29 28 29 25 32 30 26 30 33 34 37 40 38 33 33 38 39 35 33 32 27 31 26 31 33 30
24 23 25 26 25 25 24 24 22 26 25 29 30 28 27 27 24 23 27 28 27 24 26 25 24 28 24 24 21 17 27 30 35 32 31 30 20 18 27 28 24 20 20 30 33 33 29 30 32 33 30 33 30 29 30 31 28 26 29 28 29 35 38 37 39 37 35 31 31 34 35 34 32 31 31 29 22 28 31 33
