input/20181/10/tree-height.asc
NCOLS 80 
NROWS 80 
XLLCORNER 450107.412540805 
YLLCORNER 5379597.45755278 
CELLSIZE 5 
NODATA_value -3.4e+38 
40.000000000000000 41 40 38 41 39 39 39 39 42 38 43 40 42 41 35 38 26 12 34 35 38 36 37 38 37 36 38 36 38 38 39 38 34 34 34 31 30 29 33 33 30 32 33 31 33 36 37 37 34 33 33 32 34 36 35 32 38 40 33 7 29 27 15 14 10 9 8 9 22 22 9 8 26 24 22 16 5 10 19
41 41 42 44 41 37 40 38 38 39 41 46 38 39 38 37 37 23 8 34 36 33 30 36 39 39 41 40 35 37 37 38 36 34 34 34 32 29 27 34 32 30 31 32 31 34 36 37 36 34 33 30 31 35 36 34 31 40 39 29 7 29 27 14 13 10 6 7 18 24 27 25 13 26 26 23 18 11 24 25
41 40 39 41 39 37 40 37 38 40 41 40 36 35 33 38 36 23 11 34 35 32 31 33 36 37 40 39 37 33 34 38 38 38 43 41 37 30 27 33 31 30 32 37 30 32 35 35 34 33 30 30 30 36 36 34 31 36 36 28 5 20 20 13 14 9 7 16 21 25 27 30 28 24 26 21 21 23 27 26
40 36 35 36 39 39 39 38 39 41 42 39 32 30 27 36 31 19 17 33 32 32 31 32 35 39 39 35 34 32 34 37 37 35 40 38 37 32 31 33 31 31 31 35 32 30 34 33 33 33 33 32 32 34 35 35 34 32 29 22 6 13 15 14 10 4 4 18 22 26 26 28 28 22 23 22 25 26 26 26
41 36 33 39 40 40 39 39 37 38 39 34 28 28 25 27 13 5 16 31 32 37 37 34 33 36 38 36 34 32 33 35 35 36 37 37 32 31 33 35 32 29 28 30 33 34 37 35 34 33 35 33 34 34 36 34 37 33 10 4 11 14 14 15 13 2 4 21 26 27 27 26 26 22 23 23 24 26 25 27
41 39 38 42 40 42 41 39 36 37 38 30 27 32 34 19 1 3 12 28 31 39 40 36 30 32 40 39 35 36 35 38 38 37 36 33 22 27 32 34 34 31 30 32 33 34 37 37 36 33 34 34 37 35 36 36 37 29 2 4 11 13 13 13 10 2 5 20 22 27 27 25 25 23 25 25 22 26 25 27
37 40 40 41 40 41 40 40 39 36 42 40 37 36 32 18 3 9 11 18 24 37 41 37 28 32 37 37 36 37 35 39 37 36 34 25 10 16 28 31 31 31 32 33 32 32 36 36 36 34 33 35 36 33 36 38 35 20 4 11 16 12 11 7 3 5 11 21 14 24 29 29 25 24 27 24 22 26 25 26
38 38 38 40 40 39 36 36 39 38 39 37 35 32 17 3 8 32 29 12 10 28 39 39 34 33 35 37 35 35 36 40 40 37 33 25 12 22 23 29 26 30 32 32 34 34 34 35 35 33 33 35 34 34 40 34 30 7 12 32 31 16 11 2 2 8 24 28 25 19 28 27 24 26 26 23 21 26 24 25
37 36 38 39 38 35 35 34 36 34 30 30 31 29 12 11 16 34 33 25 12 27 39 39 34 34 36 37 36 38 38 44 42 37 33 23 15 31 32 34 34 31 32 34 34 32 30 31 32 33 33 34 31 33 40 33 20 5 25 33 32 25 9 2 6 10 19 25 25 24 23 22 23 25 25 25 23 23 25 24
37 36 37 36 35 32 33 33 36 33 32 32 31 33 31 32 32 33 34 25 19 26 39 37 28 33 36 39 40 42 40 40 38 38 33 21 16 29 33 36 34 32 35 35 36 35 32 32 33 33 34 33 28 20 31 26 2 6 31 31 30 26 4 4 12 10 8 15 22 26 26 25 24 24 24 26 26 23 26 25
42 38 38 34 32 32 32 34 36 32 35 34 33 33 33 35 34 31 33 29 14 24 32 28 17 29 35 39 44 44 44 42 42 39 37 34 29 31 32 34 34 33 35 35 35 35 35 33 32 32 34 33 29 36 22 21 9 5 23 23 24 18 3 7 10 9 7 8 18 24 25 25 25 25 26 26 26 26 26 27
41 40 40 38 32 34 29 33 35 33 36 34 33 31 32 33 33 30 31 30 26 20 14 12 15 20 34 38 50 43 44 43 41 40 37 35 28 29 30 35 35 34 34 34 34 35 36 34 32 34 33 33 29 36 31 32 27 3 5 5 9 2 10 12 8 6 5 5 8 20 24 27 26 24 24 23 26 27 24 23
39 37 34 35 34 33 33 31 33 33 33 33 33 31 32 32 34 34 31 31 31 26 11 11 13 17 33 42 49 43 43 42 40 37 38 36 29 28 31 36 35 33 34 34 36 36 35 31 32 35 33 35 34 29 22 23 18 3 3 3 2 9 27 23 7 7 6 6 11 22 24 25 26 24 25 26 27 28 26 24
32 34 33 34 32 35 35 29 31 32 30 32 32 30 31 31 34 34 35 38 37 33 26 16 10 18 43 49 45 38 33 32 32 35 36 35 30 30 35 34 35 34 33 33 35 36 36 34 35 37 34 35 36 36 31 7 1 3 2 2 6 19 20 16 6 5 7 10 23 17 22 23 25 25 26 25 28 27 26 26
32 31 30 29 28 33 32 26 28 32 30 31 31 32 33 34 33 32 32 36 37 35 32 25 17 22 41 47 41 22 10 10 13 34 30 29 35 34 35 36 36 36 32 34 37 37 36 38 36 39 35 37 39 36 34 16 1 3 2 3 10 19 22 17 7 4 5 8 17 6 16 16 18 25 28 26 27 26 26 26
36 32 28 30 33 32 31 28 27 28 28 29 32 33 33 34 34 32 31 34 36 34 30 28 23 22 23 36 31 12 12 11 15 25 25 25 35 35 38 38 36 38 35 35 39 39 37 37 37 45 37 39 38 34 24 2 1 2 1 3 14 16 18 15 5 5 6 6 4 4 5 4 9 24 27 27 25 26 27 26
30 31 28 28 32 33 31 32 26 26 28 30 32 34 33 33 31 31 32 34 34 33 36 30 25 13 9 15 22 23 23 21 24 27 24 25 36 35 36 36 37 44 43 40 39 39 38 37 38 37 35 35 31 31 13 5 2 2 1 4 12 16 26 23 7 6 7 5 4 9 9 10 12 22 24 27 24 25 26 23
30 29 27 26 31 30 28 25 25 27 27 30 30 30 32 31 30 30 32 33 34 33 36 34 29 10 7 13 33 33 27 29 32 29 24 29 35 36 35 38 38 42 43 41 39 38 37 36 37 36 34 30 18 30 29 11 1 1 4 5 8 10 21 18 6 6 7 5 10 23 22 25 17 18 18 22 24 23 24 23
25 26 26 28 28 28 21 15 25 27 30 28 30 32 31 30 31 32 33 34 34 32 33 34 32 16 13 15 35 34 27 27 29 31 26 28 32 34 34 41 40 36 40 39 38 37 36 33 35 35 32 28 17 24 19 2 1 3 16 14 6 7 7 6 4 5 9 11 27 26 21 23 9 5 8 22 22 25 26 25
24 29 30 30 28 28 24 25 29 29 31 29 30 32 30 30 30 31 33 30 30 31 32 34 35 34 33 32 31 29 24 23 23 25 27 30 30 32 37 39 39 37 40 38 37 36 33 34 34 32 30 25 20 16 2 2 1 6 28 25 7 8 8 6 5 10 25 24 26 16 6 20 15 6 10 15 20 26 29 26
25 27 29 29 26 27 28 28 31 30 28 30 30 29 29 31 31 33 32 29 31 34 32 34 35 36 36 35 33 31 15 14 25 26 28 31 34 34 38 38 41 40 40 38 38 37 34 40 37 35 34 31 21 18 3 1 3 8 23 21 7 7 6 5 11 22 26 26 22 8 8 11 5 6 11 10 22 25 28 26
25 26 27 26 27 27 28 30 29 28 29 30 27 28 31 31 31 32 32 28 29 35 30 35 36 34 36 36 32 28 15 11 23 26 27 34 37 36 40 40 41 41 40 40 39 38 35 37 39 38 33 26 27 25 3 2 7 15 16 16 11 7 6 13 27 29 27 25 24 24 19 8 9 9 17 16 23 22 25 25
24 23 25 27 26 27 26 26 24 27 29 28 27 29 29 30 30 32 32 32 29 31 33 33 35 34 38 36 34 28 25 29 27 28 27 31 36 35 42 42 39 40 40 40 39 38 38 36 38 36 22 12 23 22 2 3 15 24 29 24 20 11 13 30 30 28 27 29 28 26 25 24 24 21 20 17 20 23 24 25
21 24 26 25 24 29 27 20 21 25 27 28 29 31 30 29 29 28 29 31 30 34 34 33 33 35 36 36 33 27 29 33 32 30 23 23 32 34 40 41 38 39 38 39 37 36 40 39 36 32 4 5 3 2 1 3 17 27 29 26 24 25 26 30 31 26 27 28 28 27 25 26 25 23 22 21 20 27 27 27
21 23 27 25 23 28 24 21 25 25 26 28 28 31 29 26 27 27 29 31 31 32 32 33 32 33 33 33 31 30 33 35 35 31 30 27 28 30 35 36 37 38 39 41 40 40 39 38 33 29 3 4 3 1 1 5 19 24 27 29 25 25 27 27 29 28 29 28 28 27 25 28 28 25 26 27 26 30 28 26
21 21 24 27 24 24 25 26 25 25 24 28 29 29 28 26 27 29 30 30 30 30 31 32 28 30 31 30 32 33 36 34 35 33 34 32 32 29 32 34 37 35 37 40 41 41 37 36 33 31 7 4 2 1 2 5 16 24 26 28 26 25 26 27 29 28 29 28 31 28 28 28 29 26 25 27 27 26 25 23
22 22 23 25 25 25 25 25 21 23 22 23 19 19 26 27 30 30 32 31 30 30 29 32 29 28 30 29 31 35 36 35 35 34 35 34 33 31 28 28 33 32 36 37 37 38 34 33 31 29 16 10 2 1 2 4 11 24 24 27 27 27 27 27 31 31 31 29 30 30 29 28 25 26 29 29 28 26 28 27
24 24 23 19 22 22 24 24 22 25 24 22 15 14 28 29 30 31 33 32 28 29 34 33 31 30 30 30 32 36 36 34 34 34 35 37 35 32 31 30 32 31 34 33 30 34 30 32 32 32 32 27 2 2 4 11 25 26 25 26 27 28 28 28 31 31 33 31 27 30 28 28 25 26 29 28 27 30 29 28
22 21 23 23 19 21 23 22 23 23 23 25 26 27 29 30 30 29 28 26 27 28 30 31 33 31 31 32 33 33 34 34 35 35 37 37 34 35 35 33 32 32 31 32 29 31 30 30 32 34 32 24 3 3 11 23 29 28 27 29 31 30 30 28 30 30 30 29 26 28 26 27 26 28 25 26 27 26 25 26
23 21 22 22 19 23 27 25 23 24 22 24 29 29 30 29 27 25 29 26 27 30 32 31 32 34 35 33 32 30 31 34 33 35 36 36 32 34 34 33 32 32 30 32 32 30 32 32 32 34 31 15 2 7 26 26 28 30 31 32 31 31 31 31 31 31 29 31 30 27 26 25 27 28 21 24 26 25 24 19
22 22 19 18 20 23 27 28 27 25 21 26 33 32 27 26 28 27 28 29 30 30 33 32 32 36 35 34 33 33 31 34 34 36 34 35 35 35 33 33 35 34 31 32 31 30 32 30 31 33 28 4 3 10 26 26 28 28 31 31 30 31 31 31 30 29 30 29 31 29 29 29 24 24 23 27 27 26 23 15
23 23 23 24 22 23 24 29 28 23 22 25 30 28 21 20 28 29 29 29 29 28 34 34 33 33 33 30 31 33 31 34 36 36 35 36 33 34 33 34 33 33 32 34 31 31 30 29 29 31 26 4 6 21 26 27 27 28 29 30 30 32 30 32 30 29 30 30 32 31 29 30 31 29 27 28 27 27 22 22
21 22 24 24 21 22 22 26 25 26 25 24 21 20 20 22 26 29 29 30 28 30 31 31 30 30 32 30 31 34 33 34 35 35 35 34 35 36 33 34 34 33 33 33 33 34 30 27 29 33 29 8 13 25 27 30 28 30 30 30 32 32 31 31 31 30 30 31 30 30 29 31 31 28 32 31 29 25 18 3
22 23 23 22 20 23 25 27 25 26 24 20 19 20 22 27 26 26 27 30 29 28 28 30 30 31 33 33 31 34 33 33 33 33 33 35 37 36 36 35 33 34 34 32 33 33 30 27 28 33 33 26 27 26 29 31 29 30 30 30 30 31 30 29 29 28 28 30 28 29 29 28 29 30 31 31 32 27 13 2
21 23 23 23 21 23 27 27 29 25 20 25 27 23 25 32 30 27 26 29 30 27 25 27 31 32 33 32 29 34 31 28 31 33 33 36 38 37 37 35 35 35 36 33 33 33 30 29 29 31 30 28 28 28 32 30 28 31 31 30 29 29 29 28 28 28 28 28 28 28 30 30 31 31 28 25 24 20 10 7
21 21 21 21 21 23 26 26 27 24 21 28 29 25 33 33 30 27 27 28 31 29 24 26 30 30 31 29 29 32 32 29 29 31 33 34 34 36 37 36 36 38 33 33 32 32 32 32 29 31 29 29 32 35 34 29 28 30 31 29 29 25 26 26 25 26 28 30 28 29 33 30 32 29 23 9 5 2 4 20
19 21 21 23 22 23 21 22 21 21 22 24 26 26 29 28 26 25 28 30 33 29 24 25 29 29 30 31 31 31 38 37 30 29 29 30 30 34 35 35 35 35 34 35 30 32 33 32 30 32 29 28 30 34 34 29 29 30 29 29 29 27 27 27 24 22 25 28 30 29 28 27 31 29 27 21 4 2 7 23
19 21 22 22 23 24 21 17 23 22 22 21 28 31 26 22 23 22 26 30 32 29 31 28 30 29 30 32 31 29 32 33 34 31 30 29 33 34 32 34 32 31 32 34 32 34 32 33 32 30 29 29 28 29 31 30 30 29 29 28 27 28 27 28 28 24 25 26 28 26 24 27 28 24 23 21 7 6 20 27
20 23 22 23 23 23 22 21 23 24 23 23 26 30 26 24 24 22 22 29 29 25 30 30 29 30 30 32 34 31 33 33 34 32 31 29 33 32 33 35 35 31 30 34 33 34 33 34 32 30 29 28 28 27 30 29 29 29 30 28 26 26 27 27 26 25 27 25 27 24 19 26 22 18 11 12 8 18 29 28
22 21 22 19 20 21 23 22 21 24 25 22 22 26 27 29 27 25 27 27 25 25 26 29 28 30 30 32 33 32 33 34 33 33 31 28 33 32 31 35 33 30 25 33 32 33 33 28 23 29 28 28 29 28 30 30 30 30 30 28 27 26 27 26 26 28 30 29 27 20 11 17 15 11 8 3 10 25 28 28
20 17 20 16 19 20 22 22 22 24 23 22 21 22 28 30 29 27 28 30 29 27 28 29 31 31 29 32 31 33 33 34 34 34 32 28 30 31 31 33 30 30 27 29 31 32 32 21 6 29 30 27 30 29 28 28 28 27 29 27 26 27 29 27 26 27 28 30 29 23 21 10 10 10 7 6 16 28 32 30
20 16 18 21 20 21 21 22 21 21 20 23 24 22 32 26 28 27 28 29 29 28 29 29 31 32 30 32 32 33 33 33 33 33 34 33 31 31 31 30 30 31 31 30 27 27 26 15 11 29 31 30 29 28 27 27 29 29 29 29 26 24 30 27 27 27 27 27 25 22 23 16 5 4 4 19 25 28 31 28
19 19 19 21 21 22 23 26 23 23 21 23 23 23 24 26 28 27 28 28 30 29 30 29 31 31 29 26 30 32 32 31 33 32 32 32 31 26 28 31 32 32 29 30 30 26 18 10 25 29 30 30 28 28 29 27 29 30 29 27 26 25 28 25 27 26 25 26 26 23 22 15 3 2 9 25 27 28 25 19
22 20 19 21 23 22 23 25 24 25 21 25 25 23 24 25 26 25 27 31 30 30 29 29 30 30 29 28 30 32 33 30 32 31 30 30 34 28 28 28 32 31 27 31 29 20 18 24 28 30 30 30 27 28 29 27 27 30 28 26 27 28 25 23 23 24 25 24 27 24 17 11 2 8 23 30 29 28 22 10
22 22 19 19 22 23 23 22 27 24 25 23 22 22 24 26 23 25 27 30 30 32 28 29 30 30 30 28 29 28 31 31 31 32 31 31 29 30 30 28 28 31 32 30 27 18 9 28 31 31 27 31 30 28 27 26 27 28 28 25 27 28 28 25 22 22 24 24 27 26 21 10 8 20 26 30 28 21 18 14
23 21 19 21 21 24 25 24 27 24 24 23 25 26 26 25 27 27 28 29 30 31 30 30 30 31 32 30 30 32 32 33 32 32 32 33 31 31 31 31 33 33 31 29 30 28 11 29 32 32 30 32 31 32 30 27 27 30 27 26 26 27 27 26 29 24 21 22 25 24 15 11 22 25 27 25 25 23 20 17
23 22 20 23 21 22 25 24 25 23 25 26 26 26 26 23 25 27 24 26 28 28 30 32 31 31 31 35 34 31 29 31 33 33 30 30 32 30 30 33 34 34 31 26 27 29 29 30 30 32 31 31 30 32 30 28 28 29 28 29 26 19 20 24 24 20 23 25 27 21 5 18 22 26 27 25 25 21 19 19
21 23 23 24 23 22 24 25 23 24 23 27 26 25 26 24 24 27 27 27 30 28 26 32 32 30 30 34 33 30 28 27 31 32 31 30 30 30 30 33 33 29 30 23 14 23 29 33 32 31 28 31 30 28 28 29 28 29 27 29 26 15 13 25 20 18 28 27 24 18 9 18 19 23 22 22 23 23 19 18
21 25 25 25 24 22 22 26 25 25 23 26 26 26 26 26 25 28 27 29 29 28 25 28 31 29 29 31 29 28 27 27 28 29 29 29 28 29 30 29 31 29 28 17 6 21 27 28 28 28 29 28 29 27 26 29 27 31 31 30 29 26 26 27 22 27 29 28 23 17 23 24 23 22 22 21 23 25 24 24
23 25 25 24 22 24 24 23 23 26 26 24 25 27 27 28 28 27 28 30 29 28 26 29 29 28 26 29 30 31 31 28 28 28 26 27 28 28 30 29 29 30 30 25 8 16 24 23 25 27 29 26 28 27 25 28 30 32 31 30 29 29 25 25 27 29 25 21 18 16 23 23 23 27 28 23 20 20 19 22
22 21 23 23 22 26 26 25 22 25 26 26 26 27 27 28 31 29 29 29 29 29 26 29 28 26 25 32 31 28 29 30 27 27 27 26 27 27 27 28 26 30 30 25 18 21 23 22 24 26 28 25 25 26 26 27 31 28 29 29 29 28 27 27 28 27 13 6 19 23 23 24 25 29 28 21 23 17 17 17
21 22 22 23 23 26 26 25 23 25 25 25 27 26 25 28 31 29 28 27 27 29 29 26 27 22 23 30 29 27 28 29 27 26 27 27 25 24 17 21 28 29 26 17 18 26 25 22 21 23 23 23 26 26 28 28 32 29 27 26 26 27 26 29 30 23 2 8 26 28 27 25 23 25 26 21 22 20 22 20
22 21 22 23 22 24 24 25 22 25 27 26 24 23 24 27 27 26 28 28 27 27 28 28 26 22 20 26 25 23 27 26 26 25 26 25 26 22 4 6 22 22 18 5 19 24 26 25 26 25 24 27 30 30 28 28 31 31 29 25 22 20 18 28 26 18 7 16 28 27 26 27 24 21 26 22 21 20 18 19
22 22 22 22 23 23 24 25 23 24 27 27 24 25 27 27 26 28 28 28 26 25 25 26 25 22 21 22 21 23 24 23 22 25 23 24 25 20 11 3 3 3 3 8 22 23 24 24 26 26 27 27 27 29 29 29 26 29 26 27 24 19 23 29 25 19 18 23 29 28 25 25 24 20 22 21 19 19 19 18
22 21 21 23 26 25 25 29 29 23 26 26 25 26 28 26 27 27 27 26 24 21 22 22 20 21 20 18 19 21 21 22 22 24 23 24 23 21 14 5 2 3 7 20 27 26 23 24 24 26 27 27 27 27 27 27 25 23 24 26 27 26 26 29 27 31 22 26 27 27 23 22 20 18 19 18 20 22 22 20
22 20 23 23 25 25 26 29 30 25 25 26 27 26 27 25 27 26 27 26 25 23 20 22 21 19 19 16 19 22 22 26 23 22 23 24 24 26 22 11 4 5 17 22 28 27 25 24 25 23 25 26 25 27 27 29 28 26 13 22 22 19 19 23 24 31 27 27 22 25 25 20 20 19 21 19 19 21 21 20
27 24 28 27 24 22 23 25 26 25 26 28 31 24 26 26 28 26 25 25 24 23 20 21 21 20 19 18 19 21 21 25 24 22 23 24 28 27 25 18 11 6 19 23 30 30 28 24 25 25 25 26 25 27 28 30 30 27 13 20 11 8 14 24 24 27 28 27 23 21 22 15 16 17 18 17 17 17 17 17
24 25 27 27 27 26 24 26 24 26 26 26 26 25 24 25 24 23 21 21 23 23 19 19 20 19 19 19 20 20 20 21 20 21 21 21 24 28 27 28 27 15 18 19 26 29 28 23 24 26 26 27 27 25 27 29 29 30 29 20 15 6 13 20 23 30 28 20 15 18 19 16 18 18 17 17 16 11 8 14
23 24 23 26 26 27 26 26 27 26 28 25 26 26 24 24 21 21 21 20 22 21 18 19 20 19 20 20 21 22 20 20 19 21 23 24 23 25 25 29 26 18 15 15 20 30 29 24 25 25 27 28 27 24 27 29 25 27 28 21 21 20 19 15 19 28 24 16 15 15 17 17 18 17 16 16 14 12 10 10
25 24 24 25 25 28 26 27 27 27 27 26 26 25 20 21 21 22 22 22 21 21 18 17 20 18 19 21 21 22 21 20 20 20 22 23 23 23 24 21 18 18 19 19 27 30 28 25 24 26 31 29 26 22 29 28 18 20 24 25 26 26 24 16 16 21 13 17 16 16 18 17 18 18 16 15 14 14 13 11
29 30 28 28 28 29 27 28 26 26 26 27 24 23 20 19 20 20 21 21 18 18 19 18 21 19 21 21 21 21 21 22 20 19 18 21 23 23 23 15 19 19 18 22 31 30 27 26 26 27 30 28 28 22 22 23 14 16 23 24 26 26 23 15 15 15 15 16 14 15 14 17 17 16 16 16 15 15 14 15
27 29 28 29 31 29 26 28 28 28 27 26 24 22 19 20 21 20 19 19 17 18 21 19 19 19 20 21 21 22 20 22 21 21 21 21 21 23 22 9 23 22 18 20 29 30 32 29 25 25 25 27 29 22 5 13 15 16 27 29 25 26 19 16 16 14 15 16 14 14 14 16 16 14 14 15 14 14 14 15
28 28 28 28 29 29 26 27 27 29 27 22 23 20 20 21 21 21 19 19 18 18 21 20 20 20 21 20 19 23 20 20 21 22 23 24 24 24 24 19 23 21 21 24 25 28 29 28 26 25 21 18 16 12 12 13 21 22 28 30 28 25 14 14 14 14 14 14 15 14 14 15 14 12 14 14 14 12 14 16
29 27 28 28 27 28 27 26 26 27 26 21 22 20 20 21 21 21 20 18 17 16 18 20 19 20 20 19 19 20 20 20 21 21 23 25 24 22 22 18 20 20 24 27 26 26 24 27 25 21 16 2 4 15 22 25 25 25 28 28 26 20 14 14 13 13 14 15 15 14 14 14 13 13 13 12 13 12 14 15
24 23 27 29 29 28 28 27 26 24 23 20 21 19 19 19 19 19 19 18 16 14 16 18 19 20 19 20 19 20 18 18 19 19 21 23 20 22 21 21 24 24 27 27 27 27 25 25 21 15 11 4 10 20 25 28 24 25 27 26 23 13 13 13 13 14 14 15 14 15 13 15 14 13 12 11 13 13 13 13
21 22 23 30 28 27 27 26 23 20 21 19 20 20 18 19 20 18 18 18 16 15 18 17 19 19 18 20 20 19 19 19 20 20 22 22 20 21 21 24 28 27 26 25 28 28 27 27 21 10 6 13 22 22 24 26 23 26 25 22 20 15 13 13 14 16 14 14 15 14 14 13 11 12 12 12 12 14 14 13
28 27 20 28 27 25 23 21 20 21 19 18 19 17 18 19 18 16 17 18 16 18 19 17 18 19 18 19 18 17 19 20 19 20 22 21 21 21 20 25 28 28 25 25 29 29 25 22 18 9 12 19 24 25 24 21 18 22 20 14 13 15 14 14 13 14 13 14 14 13 14 12 12 13 11 11 11 13 14 14
27 24 16 22 24 24 17 20 20 21 20 21 20 18 19 18 17 17 17 18 17 17 18 18 19 17 17 17 15 16 18 19 20 21 21 21 21 21 19 22 25 25 27 27 28 26 22 15 11 14 16 17 23 26 26 23 16 15 14 14 14 14 14 14 14 13 13 14 13 12 13 13 12 12 12 13 12 13 12 13
20 15 11 10 12 15 18 18 19 20 20 19 19 19 18 17 17 19 17 16 16 16 17 18 18 17 17 16 15 16 18 20 21 20 20 21 22 19 14 17 21 23 24 27 24 23 17 4 7 16 18 17 19 23 25 21 15 17 16 16 17 17 14 14 15 15 14 14 14 12 12 12 13 13 12 13 12 14 12 12
22 17 6 8 14 16 18 16 16 17 17 18 18 18 17 16 16 18 16 15 15 16 17 17 17 18 17 16 15 15 18 18 21 24 23 19 21 15 8 16 17 17 27 27 25 22 12 6 14 20 21 17 18 17 18 18 17 16 16 17 22 21 16 15 16 14 13 14 13 12 11 13 14 13 12 13 13 13 14 13
28 25 12 14 29 29 24 13 13 14 14 16 16 15 15 15 16 17 18 17 16 15 15 16 18 19 20 19 18 18 20 19 20 22 22 20 19 14 6 17 17 15 24 26 24 15 5 15 17 20 21 18 18 16 16 17 17 17 18 18 18 16 16 16 15 15 14 12 12 12 12 12 13 12 13 14 13 13 13 12
26 24 14 15 28 27 20 9 11 11 11 12 13 11 11 13 15 14 16 17 21 20 16 18 20 22 20 18 20 20 20 20 17 17 21 21 17 12 5 21 21 19 18 21 17 7 11 18 18 19 18 17 17 18 17 17 18 17 18 17 16 15 17 17 13 14 12 13 12 12 13 14 13 13 14 14 14 14 14 11
20 19 18 16 22 20 12 11 11 13 12 12 12 10 10 11 12 11 13 15 24 24 23 24 26 26 19 18 21 20 21 22 20 20 19 21 15 6 5 18 20 21 17 16 11 6 18 20 20 18 16 16 15 17 19 18 18 18 18 16 15 17 16 17 15 14 13 14 14 14 14 14 14 14 15 15 15 15 14 11
27 22 17 16 16 17 15 13 11 11 12 12 12 12 12 11 12 9 9 15 24 25 24 27 26 24 23 26 26 24 23 24 24 23 22 21 15 1 5 16 19 21 19 12 9 14 19 19 19 18 16 16 15 16 17 16 17 17 19 17 15 15 13 14 15 14 16 14 14 15 15 14 14 15 14 15 14 16 14 12
24 20 17 16 17 16 15 13 12 12 14 18 19 17 11 10 13 13 14 26 26 27 24 27 26 24 25 26 27 26 26 28 29 28 24 23 14 2 7 19 20 20 18 13 17 18 20 19 18 18 18 16 15 16 15 14 16 16 15 14 15 14 13 14 14 14 15 15 14 16 16 14 15 15 14 14 15 14 13 11
20 18 16 17 16 15 14 13 14 12 13 18 25 21 12 11 17 21 20 27 26 28 27 26 26 27 25 24 25 24 24 27 28 28 27 26 12 3 16 23 22 14 13 15 18 19 18 19 18 18 18 16 16 14 16 15 15 16 15 18 16 14 13 14 15 14 16 16 15 15 15 15 15 15 14 14 13 13 11 11
31 28 16 17 16 16 13 13 19 15 16 17 24 24 21 12 23 11 12 25 26 29 29 28 27 28 25 24 26 23 24 27 26 26 26 25 16 6 22 22 19 9 12 18 19 20 19 19 19 19 18 17 17 16 18 17 18 17 16 18 16 15 14 15 14 13 15 17 16 15 15 15 15 14 14 16 15 15 13 13
27 25 17 17 15 16 18 16 22 25 30 28 24 30 27 11 11 9 15 25 27 30 30 32 30 26 27 25 27 32 29 29 25 24 16 17 11 11 23 24 20 12 17 20 21 20 20 21 20 18 17 17 17 18 17 17 17 16 16 17 16 14 15 15 15 14 14 16 15 14 15 16 15 16 15 18 17 17 14 15
15 15 15 16 14 15 26 26 27 30 29 29 30 30 27 21 20 12 25 28 27 28 29 31 30 26 26 26 28 31 28 28 23 18 5 10 9 8 20 19 20 17 19 20 21 20 20 21 20 19 18 18 18 17 17 16 16 16 16 16 16 14 14 15 15 14 14 15 14 14 14 15 14 15 15 17 18 17 14 15
16 16 15 16 20 17 22 26 30 31 29 29 29 28 26 27 25 23 24 27 26 23 27 27 27 28 28 29 28 29 25 27 28 22 14 6 2 5 10 7 17 22 22 20 21 20 20 19 20 19 18 18 17 16 17 17 17 17 18 17 16 15 14 15 15 15 15 14 15 16 15 14 15 14 14 16 17 16 12 14
