input/20181/15/tree-height.asc
NCOLS 80 
NROWS 80 
XLLCORNER 449732.412540805 
YLLCORNER 5377647.45755278 
CELLSIZE 5 
NODATA_value -3.4e+38 
3.000000000000000 8 22 24 26 19 18 25 23 23 27 26 22 16 18 18 18 16 15 15 16 16 17 18 18 17 17 15 10 18 19 20 19 25 24 27 22 23 21 15 6 11 14 29 34 33 33 27 31 30 28 28 27 27 24 28 31 33 32 28 28 28 31 33 31 28 33 32 22 9 17 20 21 23 25 23 20 20 20 19
2 3 6 9 19 20 10 17 19 23 26 25 24 20 17 17 17 16 14 14 15 15 16 17 18 18 21 21 19 21 20 19 20 24 24 34 33 22 18 14 12 26 22 31 32 30 31 25 29 29 32 29 28 28 21 26 32 34 30 28 26 26 29 31 31 27 27 28 27 19 17 18 21 23 25 23 20 20 20 19
3 2 3 4 14 14 4 16 20 24 24 22 22 18 16 15 16 16 12 14 13 14 15 18 18 19 20 22 26 26 23 21 23 22 25 34 33 21 15 18 29 30 30 31 31 30 30 28 28 29 29 28 27 29 19 24 30 31 32 29 26 27 25 28 29 27 29 36 35 26 23 21 21 24 26 22 21 21 21 18
7 3 2 2 2 2 8 15 18 22 23 21 20 14 12 14 16 15 11 15 14 14 15 18 18 20 21 23 27 26 23 25 24 23 26 26 26 19 18 19 28 27 27 27 26 30 30 30 28 29 27 28 28 27 28 26 30 29 30 30 24 25 23 25 25 26 32 34 30 25 25 23 24 26 26 19 21 19 18 16
8 7 2 2 2 4 18 18 19 22 23 21 18 16 13 14 15 14 14 18 16 15 16 19 21 21 21 22 25 24 24 27 23 25 24 25 25 29 24 22 26 27 27 27 26 28 27 29 27 26 25 28 27 27 28 28 29 30 29 28 24 23 23 23 24 26 29 27 16 20 25 25 32 31 26 22 21 18 18 18
12 6 2 2 2 5 24 25 25 24 24 20 19 17 15 17 15 16 16 16 17 19 19 21 22 21 22 23 24 25 29 37 29 31 33 32 30 33 28 25 30 29 28 25 27 27 27 27 27 27 26 26 25 23 28 28 23 24 20 19 20 22 23 24 26 26 28 24 13 18 25 25 30 30 25 21 21 23 21 20
22 6 3 2 2 6 26 26 25 21 21 17 19 18 16 17 15 16 14 16 17 19 18 17 21 23 26 27 31 27 31 36 29 34 37 36 31 34 30 29 31 31 27 27 31 32 30 26 29 30 27 24 23 24 23 18 10 15 10 6 18 23 21 23 28 28 29 22 9 19 23 23 25 27 23 21 20 25 22 21
27 18 7 5 2 5 23 24 22 21 20 18 19 18 17 17 14 14 14 12 16 19 20 18 21 23 24 25 28 23 23 32 30 34 36 36 34 33 30 31 35 34 31 31 32 32 29 28 28 28 26 29 26 26 21 11 15 29 25 13 18 24 22 18 25 26 27 23 16 20 23 22 25 25 23 22 21 23 21 23
30 27 23 17 1 4 19 24 19 21 18 17 15 15 16 16 17 13 14 13 17 17 20 18 22 23 23 22 20 21 27 34 34 31 31 30 30 30 30 31 34 33 30 31 30 27 26 26 25 26 25 27 25 22 15 17 28 30 27 24 24 25 25 25 24 27 29 33 29 24 25 26 24 23 23 22 22 23 23 25
30 31 28 23 7 7 6 23 21 18 17 15 16 15 16 14 15 15 13 14 13 19 20 19 22 22 28 26 22 22 27 35 36 32 31 30 29 29 31 31 29 28 28 28 27 24 30 31 24 25 28 26 22 21 24 24 24 26 22 24 24 25 27 27 27 29 33 33 31 30 25 25 23 24 24 24 24 24 24 24
30 31 31 27 26 23 8 22 21 18 16 16 17 15 13 18 18 19 16 16 15 19 18 21 23 21 25 23 21 19 21 31 32 33 33 31 30 28 33 33 30 28 27 24 26 25 30 30 26 25 27 20 14 17 29 27 17 23 24 25 25 25 26 25 29 31 34 34 34 29 24 23 23 27 26 24 25 24 24 23
30 31 30 26 31 29 21 21 20 18 18 17 17 17 18 22 21 17 17 19 19 21 21 22 21 19 19 20 20 18 19 26 27 31 32 29 29 27 31 32 33 31 27 25 28 25 29 29 32 28 25 13 17 27 29 23 22 26 28 28 27 29 29 26 30 29 27 32 32 31 30 23 24 25 23 27 28 28 26 22
28 27 26 25 31 29 21 20 18 19 20 18 17 19 20 24 23 18 19 21 23 24 23 24 20 19 20 21 27 27 29 30 27 28 28 28 28 26 27 28 31 29 25 22 25 24 27 26 24 24 21 15 16 26 25 20 25 29 29 28 28 26 28 33 34 26 27 36 33 32 34 26 24 23 23 24 25 26 26 22
27 27 25 25 31 27 20 19 19 18 19 19 19 20 24 24 22 24 27 28 24 23 23 23 19 21 20 22 29 28 32 30 22 26 24 29 30 27 29 28 28 25 23 21 23 24 22 15 13 13 6 18 18 21 22 28 28 28 28 27 27 21 29 34 33 28 33 35 34 31 32 27 26 28 28 25 23 23 26 27
26 26 25 21 25 23 19 18 20 19 23 20 18 17 23 24 24 30 28 32 30 22 21 18 25 18 14 26 30 29 35 31 22 24 23 30 31 26 28 26 24 22 23 21 21 22 15 7 6 6 12 29 27 20 23 26 29 29 28 27 25 22 26 27 28 28 30 30 31 31 31 25 25 28 27 25 24 27 28 28
21 25 25 22 21 22 20 19 21 20 23 22 22 19 23 24 26 29 30 32 27 16 19 19 23 20 16 27 30 29 28 27 26 23 22 24 25 23 24 23 22 21 23 20 21 16 8 9 9 10 21 28 27 20 24 26 31 32 31 29 23 23 21 23 29 31 30 30 34 33 32 27 27 28 28 28 27 29 28 26
22 26 26 23 21 23 25 23 25 25 23 21 20 23 23 22 23 24 28 29 22 20 21 18 18 24 22 26 27 25 25 24 25 24 25 21 16 19 22 24 23 18 23 19 13 4 7 9 12 13 19 20 21 23 26 25 29 30 30 27 25 27 27 33 35 29 29 31 34 33 30 32 31 29 30 31 27 25 27 26
26 29 27 25 21 23 23 23 25 25 26 24 25 26 24 21 21 24 27 29 24 26 27 25 22 26 24 24 24 23 23 23 20 23 21 16 8 15 16 22 22 16 20 18 11 10 11 14 22 20 14 20 25 23 24 24 26 27 29 31 32 30 26 34 34 29 28 33 30 30 30 31 32 30 34 37 32 28 27 27
29 30 28 25 22 23 18 22 23 23 25 25 26 23 23 32 32 26 24 27 28 29 26 25 30 30 22 25 26 23 19 20 15 12 6 7 10 10 13 18 19 17 16 16 28 30 24 20 20 20 20 26 26 23 28 27 21 21 26 32 29 31 29 28 27 24 29 30 30 37 35 27 29 31 41 43 38 33 29 30
29 29 26 24 20 23 19 19 21 22 23 25 23 21 24 35 35 33 35 35 30 29 26 27 30 30 25 25 26 24 17 17 6 4 5 7 11 27 25 13 14 15 15 16 30 32 28 23 17 22 24 27 27 25 23 22 14 14 25 32 33 30 38 29 26 28 30 28 28 35 34 28 28 31 39 42 39 34 28 29
27 27 25 22 24 23 20 21 21 23 23 22 17 20 28 35 34 32 31 34 29 28 31 29 30 28 22 23 23 21 16 12 5 7 6 5 10 23 21 8 8 9 11 15 27 27 20 16 20 27 28 31 28 28 26 29 35 28 19 25 30 26 28 31 35 35 31 27 25 27 30 29 27 28 32 35 36 33 28 26
23 25 28 21 22 21 22 22 21 21 20 20 18 20 26 30 31 29 26 27 25 25 30 28 27 26 19 21 20 18 13 6 6 6 7 7 10 10 11 12 12 9 13 25 27 21 12 13 28 31 30 30 29 30 29 34 35 28 11 10 27 21 27 29 33 34 30 27 26 29 28 25 28 29 28 30 31 27 26 21
24 24 27 21 19 16 24 24 21 20 19 18 16 16 23 28 30 30 26 25 23 24 26 26 23 19 18 19 13 8 7 6 6 8 12 14 16 15 12 19 22 23 22 24 22 10 15 26 26 30 29 28 27 21 21 34 34 35 30 26 25 11 24 26 29 30 29 29 29 31 26 29 31 29 29 25 26 21 19 14
26 26 25 20 18 20 24 23 21 19 19 17 11 12 19 24 26 28 27 26 20 22 21 21 22 20 19 19 6 8 6 8 9 10 12 17 16 10 8 19 19 19 21 22 21 15 21 28 25 29 27 24 21 12 14 36 36 33 33 32 28 27 27 29 33 32 29 29 32 31 25 29 32 31 27 18 21 16 9 9
25 27 29 25 20 21 22 21 18 17 18 21 24 23 18 19 24 25 23 25 26 25 21 15 22 23 17 14 4 6 7 9 10 10 11 24 23 7 7 17 10 9 18 24 25 18 22 24 27 30 29 24 9 12 15 34 33 27 33 30 26 28 29 28 29 31 31 32 33 33 29 29 29 29 17 12 11 8 10 10
21 22 25 21 18 20 20 21 19 18 20 20 24 22 21 21 25 26 23 27 26 27 20 11 25 26 15 13 10 11 13 9 9 11 15 28 28 21 12 11 11 10 18 23 21 21 25 24 26 26 26 21 14 30 34 33 30 24 22 19 19 28 28 21 23 28 31 31 32 34 31 31 30 26 5 15 14 9 9 9
23 19 18 16 18 19 21 20 20 23 24 19 20 19 20 21 23 25 26 26 27 27 23 27 26 27 18 18 26 30 27 10 12 12 12 22 26 25 16 13 14 13 17 20 18 22 28 27 19 14 14 12 26 32 33 31 26 12 3 10 16 29 26 7 28 31 30 28 28 32 33 31 29 24 7 26 22 8 9 13
21 20 23 22 18 16 21 18 17 22 23 21 21 20 20 22 23 23 25 26 27 25 26 29 29 29 28 30 31 35 31 15 15 15 7 10 19 21 9 22 24 23 15 21 24 25 28 28 19 6 5 10 31 32 30 25 22 11 9 26 27 30 25 7 27 31 31 29 26 28 33 32 27 24 11 28 23 7 15 30
26 24 21 21 21 19 24 21 16 19 20 22 23 25 24 23 23 22 26 26 26 27 29 28 29 31 30 32 33 32 33 27 19 18 13 13 12 23 22 24 23 23 20 21 25 24 26 31 25 5 4 6 22 22 23 25 21 19 21 28 29 28 24 11 23 29 30 29 23 25 29 30 30 30 26 26 22 15 29 29
27 25 23 22 22 22 24 20 16 19 21 21 24 25 24 23 24 23 27 28 27 28 32 29 30 30 31 31 31 29 34 36 31 22 23 23 26 30 27 23 21 17 22 23 29 28 23 23 28 18 13 7 3 6 22 31 30 29 26 30 29 27 25 26 25 27 28 27 25 25 24 28 29 30 31 31 32 31 30 28
25 25 24 22 23 26 25 23 18 18 20 21 23 24 24 25 27 27 24 26 28 27 28 30 32 32 32 34 34 32 36 36 36 31 29 28 31 34 30 26 22 11 21 27 27 28 21 23 39 36 27 22 9 13 22 30 30 26 29 30 30 27 27 29 27 22 25 26 30 30 27 31 27 28 30 31 30 28 27 23
27 26 25 24 24 28 26 25 21 16 21 21 24 23 24 26 29 28 25 28 28 28 28 29 30 32 32 33 34 35 37 37 35 32 32 31 31 30 24 17 19 30 29 27 16 14 9 29 39 37 26 22 18 24 22 24 27 28 32 33 35 30 28 27 27 24 26 26 30 30 29 30 28 29 27 31 30 28 26 16
28 26 24 26 27 28 28 25 20 18 19 20 24 23 25 26 28 28 27 30 29 27 30 32 30 28 32 34 33 34 37 36 28 32 31 28 26 25 17 10 9 30 30 24 7 3 4 10 29 29 24 23 24 27 26 25 29 32 32 36 39 33 32 30 34 33 33 30 30 30 30 32 32 29 22 22 25 29 30 25
30 30 27 27 30 32 30 28 18 19 17 20 25 25 26 23 24 25 27 30 30 28 32 38 33 34 38 39 37 32 32 32 31 31 29 29 25 27 32 30 12 28 27 13 7 2 4 5 12 16 24 28 28 28 30 28 30 34 33 36 38 34 35 34 34 31 33 32 30 31 30 32 31 30 22 13 18 24 25 19
31 31 30 30 30 33 28 27 13 23 22 25 24 24 25 23 24 23 27 30 32 31 33 36 33 35 38 38 33 30 31 30 33 31 30 29 30 32 32 29 12 21 19 6 5 3 9 8 2 8 26 30 30 29 29 28 31 33 32 33 32 34 34 35 32 29 31 32 31 29 22 22 26 27 25 17 6 7 8 7
32 32 33 31 34 36 31 24 17 27 27 24 22 18 19 23 24 25 28 29 33 35 33 30 31 33 36 37 26 26 32 33 33 31 32 31 32 32 24 20 5 7 6 4 3 6 28 23 4 10 25 30 30 30 26 26 28 30 35 35 32 32 32 33 27 26 29 31 30 26 5 10 17 27 26 15 7 7 8 8
30 31 31 29 34 39 31 23 8 27 26 23 23 19 18 22 22 26 30 32 34 34 32 27 33 35 37 35 24 24 30 31 31 34 33 31 28 20 8 12 12 10 8 5 2 5 22 23 9 12 24 29 32 31 25 25 27 31 36 33 29 30 28 33 33 29 32 33 31 27 7 24 11 22 20 8 8 7 8 8
29 29 26 31 31 29 31 28 18 29 26 26 25 27 22 18 24 26 29 31 32 30 31 29 31 32 34 32 27 30 28 30 31 33 30 27 17 9 15 36 34 23 9 3 2 3 7 19 16 18 25 27 29 29 25 25 31 37 36 29 28 31 31 32 33 34 34 30 30 25 13 27 24 6 8 8 9 8 8 7
25 29 28 30 31 30 31 31 27 30 28 29 27 28 23 19 22 25 28 24 24 27 33 32 33 31 30 27 19 28 27 29 27 27 21 26 23 30 33 33 27 24 9 6 2 4 19 22 20 25 26 27 25 28 28 29 29 33 34 28 27 31 31 32 29 30 33 30 31 28 23 18 17 6 6 6 8 8 8 8
24 23 30 33 32 32 31 30 27 31 31 30 30 28 21 20 22 23 26 22 19 23 30 27 27 25 24 26 23 26 27 25 24 22 25 28 31 34 33 18 7 26 28 17 2 6 27 28 24 27 28 27 25 29 29 28 28 24 27 27 27 27 28 30 29 27 27 24 20 19 19 6 6 7 7 5 6 7 7 8
29 26 25 30 31 33 32 30 29 30 29 28 29 26 27 21 21 24 28 26 24 32 29 18 12 13 23 26 27 28 27 22 26 31 33 35 33 24 20 3 12 30 27 13 3 14 31 29 23 25 29 29 26 28 29 28 27 25 25 26 28 30 25 26 25 23 22 12 5 6 6 5 4 6 6 6 7 7 7 7
29 28 20 28 31 31 31 30 27 29 27 29 29 26 27 24 24 19 26 29 29 31 30 25 16 22 25 26 27 28 28 26 27 32 33 30 26 9 8 6 24 33 26 5 10 39 40 32 18 21 26 28 27 27 28 29 26 25 26 27 28 31 26 25 21 10 10 7 4 5 6 5 5 5 6 7 7 8 8 8
29 28 26 28 31 30 30 29 29 29 29 29 30 28 26 27 26 20 23 30 31 31 26 21 17 24 24 26 25 26 25 28 32 31 29 24 22 22 22 9 14 24 19 12 17 41 40 28 17 18 19 25 26 26 26 29 25 27 26 28 29 28 26 28 29 21 7 13 11 8 7 5 6 7 7 8 7 7 7 8
28 28 28 28 30 31 32 28 28 28 28 18 24 29 28 27 29 26 24 24 25 27 13 8 18 19 22 27 25 26 24 23 27 23 15 9 19 20 29 25 10 3 4 10 14 31 30 18 20 20 22 26 27 25 27 29 24 26 26 28 26 22 24 29 28 26 14 24 24 13 7 6 6 7 6 7 8 8 9 10
29 32 33 30 28 30 31 31 28 20 21 5 11 28 26 25 29 25 25 25 19 17 11 15 16 12 20 25 21 22 19 15 17 12 4 9 8 10 37 42 33 5 6 6 6 7 10 22 22 21 26 25 24 19 21 26 23 23 17 17 16 15 22 29 25 26 28 32 33 24 8 7 6 7 6 6 9 9 9 9
30 33 32 30 30 30 30 28 24 10 17 19 26 29 23 25 30 22 13 14 13 13 12 15 13 15 17 17 14 13 10 24 22 12 7 10 11 14 34 36 27 6 8 7 7 7 10 25 25 16 18 17 24 22 12 15 16 14 4 4 8 13 23 24 22 18 17 30 31 22 8 8 8 8 7 8 10 10 9 8
30 31 28 28 29 27 28 20 22 28 25 24 31 34 28 21 24 15 2 5 18 17 20 19 14 16 11 4 8 7 12 28 30 27 15 10 20 23 14 14 6 6 7 7 8 7 9 17 19 10 6 7 19 16 3 4 4 4 4 6 22 27 24 12 22 15 8 18 19 15 10 10 9 8 8 8 9 9 7 5
27 30 29 26 26 27 28 23 25 32 30 24 29 29 21 15 12 9 8 7 28 25 24 23 30 25 2 4 7 7 12 23 32 24 5 6 14 16 6 9 7 7 6 6 7 7 8 5 6 6 6 6 4 3 3 3 4 4 5 7 17 21 20 11 22 16 6 6 10 9 9 8 8 10 10 8 8 7 5 2
25 28 28 26 27 30 28 27 30 31 31 25 27 23 6 17 24 30 25 6 24 30 28 18 24 20 4 6 7 7 8 9 21 17 3 2 3 2 4 8 7 7 6 6 7 7 7 6 7 7 7 7 4 4 4 5 8 10 10 9 6 11 15 7 9 10 6 5 7 8 8 9 9 9 10 10 9 5 2 2
20 24 26 29 27 29 23 26 28 25 29 28 34 29 11 19 24 31 28 12 14 28 26 14 10 6 6 7 8 7 5 5 4 2 2 2 4 4 6 8 8 5 5 5 6 6 7 7 9 9 8 7 7 6 6 12 26 28 27 20 9 30 26 10 6 9 6 5 6 6 8 12 10 9 9 9 8 4 3 4
22 25 25 27 27 27 25 23 22 19 23 29 31 31 30 28 25 28 28 28 26 25 22 25 16 8 7 6 7 6 7 7 6 2 3 5 5 5 6 8 7 4 5 5 5 6 7 7 7 8 9 8 8 8 9 27 32 33 29 27 13 30 29 23 7 7 8 6 6 7 13 19 6 6 7 7 6 3 5 6
23 24 25 25 28 29 24 20 19 19 26 29 28 29 33 29 22 33 33 35 34 32 25 25 13 7 5 5 5 9 17 17 14 4 7 9 5 5 5 6 6 4 4 4 3 5 9 7 10 9 10 9 9 9 9 23 29 32 31 30 30 32 32 25 9 7 6 8 8 8 24 21 4 3 3 3 3 3 6 7
25 23 25 22 28 31 28 24 25 27 29 30 33 35 37 32 28 34 33 38 36 35 34 28 9 10 4 7 9 17 18 17 12 7 8 9 6 5 6 8 7 5 4 3 3 11 19 11 14 9 9 9 9 10 9 10 24 30 31 30 32 33 32 26 8 7 4 7 12 10 24 22 10 3 3 3 4 6 7 7
25 24 25 24 28 31 31 27 25 30 29 32 34 38 34 27 28 33 34 36 35 34 33 31 25 26 9 4 6 17 16 13 9 9 8 7 6 6 7 8 9 5 4 4 7 22 23 18 7 7 8 9 10 9 11 12 20 24 31 30 31 28 24 21 8 6 5 5 11 10 21 19 8 4 4 5 7 7 6 8
23 26 28 27 28 29 30 28 29 31 30 31 34 33 21 9 20 31 32 29 31 33 34 31 31 26 17 2 4 12 12 10 8 9 6 5 8 7 8 9 8 5 5 5 7 17 17 13 6 8 8 8 9 9 9 8 7 9 29 31 29 19 7 7 8 8 6 3 5 8 9 8 5 3 5 6 6 6 5 6
30 32 31 28 28 27 23 27 31 29 29 25 25 19 11 12 20 29 28 28 29 32 34 31 29 19 3 3 4 7 8 7 6 7 5 6 8 8 10 11 6 6 8 9 8 6 5 7 6 7 10 10 7 7 8 7 6 9 27 31 24 6 7 8 8 7 7 4 5 8 8 6 3 3 6 6 6 5 4 4
32 30 30 31 28 22 20 24 28 30 33 25 19 14 31 26 9 27 27 24 28 30 31 31 31 22 4 7 7 7 9 8 6 5 4 6 9 14 10 13 7 6 6 8 7 6 6 6 7 8 20 18 10 10 8 7 5 8 22 28 23 7 8 8 7 7 7 6 6 6 5 2 5 4 5 5 5 3 4 5
31 31 30 29 24 8 28 29 29 28 37 27 22 30 32 26 9 28 28 23 26 23 23 23 27 22 8 7 8 12 9 7 7 4 4 7 17 31 14 8 12 9 7 7 5 5 6 11 10 12 17 19 26 25 7 7 7 7 9 17 16 8 9 8 9 9 6 6 6 4 4 8 18 9 8 9 8 5 5 5
32 29 27 24 19 14 26 28 29 31 33 33 27 31 31 25 7 25 28 29 26 11 5 4 18 17 9 8 7 9 14 13 12 9 5 11 42 44 38 15 30 22 5 6 7 5 8 27 25 26 8 13 28 27 6 8 8 8 8 9 9 8 9 9 10 9 7 5 5 2 5 19 25 16 9 24 22 12 7 10
29 24 20 27 28 24 25 29 31 34 32 37 34 32 34 29 11 25 27 33 33 24 5 2 2 4 7 8 11 13 27 26 22 20 10 19 41 43 39 30 35 30 8 7 6 4 6 20 23 21 6 8 20 19 7 9 8 8 8 9 9 8 7 9 10 9 7 4 3 3 7 16 25 23 12 23 18 9 7 17
25 20 17 29 30 28 30 26 31 34 34 34 33 31 34 30 28 27 28 39 41 31 2 3 3 6 10 12 26 28 28 29 22 19 18 32 37 35 27 23 34 32 25 17 3 3 2 2 2 3 4 6 6 7 9 9 9 8 9 9 9 7 5 7 9 8 6 4 4 7 9 10 23 26 29 25 7 4 4 3
24 20 28 32 31 26 30 23 32 33 32 34 33 34 33 28 24 31 29 30 36 25 4 3 5 20 29 21 24 29 33 31 17 9 15 26 27 24 13 16 33 33 29 20 9 9 7 1 3 3 3 6 7 8 10 10 10 10 9 9 8 9 9 5 7 4 4 3 6 10 9 8 18 25 27 20 6 5 4 3
20 28 30 32 31 26 26 23 29 34 33 32 30 25 23 16 8 38 33 6 18 8 10 8 7 29 30 23 20 31 35 28 3 4 6 9 7 16 33 32 31 31 27 21 25 32 21 1 2 3 3 7 9 8 9 9 9 10 9 9 9 10 9 3 5 4 4 4 6 8 8 7 16 19 12 7 7 7 8 7
27 32 32 34 34 32 29 27 28 30 28 28 25 6 6 3 7 33 27 4 5 11 23 22 10 20 26 24 28 30 34 28 3 4 5 6 15 33 35 35 33 32 29 26 29 32 23 7 3 2 3 7 9 9 8 8 8 10 11 8 8 9 8 4 4 3 5 7 7 7 5 5 3 4 7 21 20 11 9 7
30 34 32 36 35 32 30 32 33 33 24 21 18 5 5 3 5 21 15 10 6 20 25 26 21 12 31 28 28 28 31 27 3 3 5 15 32 33 34 35 37 36 33 31 31 31 30 23 3 3 3 6 8 9 8 9 10 10 10 9 8 6 5 4 5 5 6 5 5 6 5 4 4 7 12 22 25 23 4 3
30 33 32 34 36 33 33 34 31 30 22 2 3 3 4 7 11 28 27 20 11 19 20 26 28 29 31 27 24 17 23 21 5 9 15 36 36 36 36 38 41 40 33 30 31 30 33 27 3 5 6 6 9 10 9 7 9 9 8 9 8 6 5 5 10 9 7 4 10 9 3 3 6 12 19 13 21 18 3 2
31 29 30 32 32 31 33 31 25 25 19 2 2 3 6 23 25 24 26 26 22 17 17 28 32 30 23 22 15 1 2 3 7 25 35 34 34 33 37 40 41 40 33 28 23 24 24 20 3 5 10 8 8 9 8 6 6 8 11 8 5 5 5 10 13 10 7 8 25 20 4 4 8 23 20 4 9 3 2 2
33 32 32 32 32 29 30 31 27 28 21 8 3 7 10 25 26 27 26 25 20 17 14 29 32 27 3 3 2 2 8 9 5 19 27 26 24 22 38 35 35 38 41 29 10 7 4 3 2 5 21 19 8 9 8 9 10 12 12 13 9 6 10 25 20 10 7 6 15 6 5 6 7 18 16 12 24 4 4 2
31 35 32 30 30 26 22 29 29 31 35 25 10 22 22 29 30 27 27 27 27 26 25 28 30 25 6 2 2 5 22 20 3 3 4 5 5 15 41 32 35 38 42 38 18 6 4 3 3 5 20 18 6 8 12 20 23 26 25 27 23 12 21 28 23 8 5 6 10 8 6 5 3 4 5 19 19 9 12 2
32 32 30 28 25 25 25 29 28 28 31 27 26 30 30 29 27 26 27 26 27 30 28 28 26 24 19 6 7 9 18 3 3 9 10 5 15 32 33 28 34 36 40 34 5 5 4 2 2 3 4 7 5 4 15 21 28 28 24 21 19 11 14 19 17 10 9 9 8 7 4 3 3 3 3 2 3 6 7 1
32 30 29 27 21 28 28 21 23 25 31 29 28 28 29 28 27 25 26 27 26 30 29 27 27 27 24 21 23 25 25 4 12 28 26 14 33 35 32 29 36 36 33 27 4 4 4 4 2 3 5 9 2 3 5 15 17 19 18 10 8 10 9 10 13 10 10 8 6 7 3 3 3 2 2 3 4 14 1 2
33 26 25 26 20 21 23 21 27 29 30 30 28 28 27 27 26 23 27 27 28 29 31 28 28 30 30 28 28 29 25 11 30 34 32 32 34 33 31 37 41 39 29 20 3 3 4 4 3 4 8 9 3 5 5 5 5 6 7 4 4 6 10 10 12 11 11 10 9 8 2 4 2 2 2 2 2 2 2 1
29 26 27 31 25 6 18 26 28 29 28 30 30 30 23 25 26 26 29 27 29 27 28 26 28 29 32 33 32 33 29 23 28 32 28 33 33 23 23 36 41 38 23 5 5 2 3 3 3 3 3 6 5 5 5 5 5 10 9 5 8 11 12 11 11 12 12 11 8 7 3 3 3 2 2 2 2 2 2 2
29 33 31 27 19 10 21 29 27 28 28 28 30 28 25 26 27 28 30 28 27 27 25 27 27 28 33 33 30 29 29 26 24 28 25 24 23 5 10 36 42 37 25 5 5 2 3 2 2 2 3 5 5 5 4 3 4 8 8 9 15 14 14 13 11 10 10 7 6 5 2 2 2 2 2 1 2 1 2 1
27 29 24 20 11 28 30 30 31 26 28 26 26 26 28 29 28 24 28 27 24 25 25 28 29 29 31 32 27 23 27 26 24 22 17 6 7 6 12 40 44 40 30 9 2 2 2 2 2 4 4 6 5 4 3 3 5 9 10 12 13 12 12 13 11 9 8 4 5 3 2 2 2 2 1 2 2 2 1 2
17 18 11 30 30 34 33 32 28 28 28 27 23 29 29 29 30 25 25 26 25 26 26 27 28 27 29 31 27 16 26 27 30 24 11 11 11 5 10 35 40 38 38 28 4 4 3 2 3 7 6 3 3 3 2 7 10 9 12 11 13 11 10 11 10 10 5 3 2 2 2 2 2 2 2 2 2 2 1 1
4 22 26 30 29 34 32 32 27 29 31 33 25 28 30 30 28 29 28 23 26 30 30 30 27 27 28 27 22 7 20 31 34 27 24 29 26 6 16 33 37 35 36 25 9 6 3 2 5 8 7 2 3 4 5 10 10 11 21 16 15 12 9 8 8 8 3 2 2 2 2 3 2 2 2 2 1 1 2 3
9 24 26 26 28 33 32 34 27 29 29 26 29 34 32 30 31 29 27 24 26 29 33 31 24 29 30 28 20 9 12 30 32 29 28 30 28 14 39 39 33 30 22 7 9 7 5 4 7 6 4 2 7 9 8 8 12 24 29 25 21 18 12 9 6 3 2 2 2 2 2 2 2 2 2 2 2 2 3 3
24 27 28 26 27 26 26 32 29 27 28 30 31 33 31 28 29 29 24 27 26 28 31 30 25 27 30 32 29 27 28 26 25 30 29 30 32 28 39 41 34 19 5 7 6 5 7 6 6 5 3 4 7 7 5 8 14 24 26 24 22 21 18 9 6 2 2 2 2 2 3 2 2 2 2 2 2 2 2 2
28 28 29 27 27 26 23 27 29 26 32 31 31 31 30 25 27 31 26 28 29 28 27 26 26 27 29 29 30 29 31 34 30 29 27 32 42 32 37 37 31 12 5 8 6 3 3 4 4 4 6 7 9 8 7 16 29 30 26 18 10 14 11 6 4 3 2 2 2 3 3 3 2 2 2 2 2 2 2 2
