input/20181/11/tree-height.asc
NCOLS 80 
NROWS 80 
XLLCORNER 450347.412540805 
YLLCORNER 5379107.45755278 
CELLSIZE 5 
NODATA_value -3.4e+38 
17.000000000000000 17 17 16 17 18 17 17 17 17 18 18 18 20 20 21 20 18 12 10 13 16 22 19 22 20 22 22 22 23 23 24 24 21 20 22 22 24 25 24 25 26 24 21 23 23 22 24 23 23 24 26 28 26 22 23 24 23 22 20 20 27 29 24 22 22 23 21 20 17 18 19 18 18 19 20 31 32 32 30
19 16 17 16 17 20 19 17 18 18 18 18 19 21 22 21 17 15 9 17 18 18 19 21 22 22 20 23 21 22 23 24 24 22 22 23 22 22 24 23 24 25 22 21 23 22 21 23 24 22 21 26 25 26 27 26 23 22 22 22 21 22 26 24 22 22 21 20 19 18 17 22 18 20 21 25 31 32 34 32
19 15 17 17 16 19 19 19 20 20 21 21 20 21 22 18 9 12 18 19 21 21 19 22 23 23 21 22 24 23 24 22 20 22 23 23 24 24 24 23 22 24 20 21 22 23 24 24 22 19 20 23 20 23 32 32 24 23 22 21 22 18 20 23 21 20 19 19 18 17 17 20 20 21 23 22 28 32 35 35
19 17 18 19 18 18 19 20 22 21 21 21 20 18 16 11 7 15 20 21 21 22 22 25 25 25 24 23 24 23 24 24 22 23 23 23 23 26 26 24 25 24 22 22 23 22 23 22 20 19 19 21 22 23 29 31 26 22 21 20 20 19 20 20 17 20 21 19 20 16 18 20 24 22 24 27 31 36 33 33
18 18 18 20 19 19 22 20 23 21 22 20 17 8 11 14 20 19 17 23 23 22 23 24 25 24 23 24 23 21 24 23 24 23 21 23 23 24 24 22 26 23 23 23 25 22 22 23 27 23 20 22 23 21 22 24 23 20 21 18 19 18 17 16 16 17 18 20 21 15 19 24 33 29 22 29 32 34 32 29
19 18 19 18 19 19 22 20 20 23 22 18 14 8 21 22 22 22 20 22 23 19 24 21 23 23 27 25 24 22 26 22 24 22 22 22 22 22 21 20 24 23 23 23 24 22 24 24 28 25 22 21 19 16 17 18 18 19 21 18 15 17 16 15 15 15 15 17 18 14 18 21 32 31 31 33 33 29 27 27
18 21 19 19 19 19 21 21 20 19 17 14 17 19 24 21 21 22 21 24 24 20 23 21 20 23 27 24 23 21 25 24 23 21 24 24 22 22 22 21 21 22 23 23 22 21 22 23 26 24 19 21 17 15 16 17 19 19 21 20 16 17 17 14 12 14 19 17 14 16 17 20 28 30 32 33 30 30 31 25
18 18 19 19 20 19 20 19 17 7 5 16 21 21 24 23 22 21 20 25 25 22 24 25 24 25 27 25 23 23 25 25 26 23 23 24 21 20 22 22 21 20 21 22 20 20 19 21 21 20 18 18 17 17 16 17 17 18 17 16 15 16 16 15 9 17 33 26 14 19 23 27 31 32 29 28 31 32 27 26
18 16 16 18 19 19 18 15 9 6 11 19 21 21 21 23 23 21 22 23 23 24 25 24 24 25 24 25 24 23 23 23 24 22 21 24 23 20 20 21 19 20 19 21 20 18 20 20 21 19 17 17 18 17 15 17 16 15 15 15 16 24 24 23 21 26 33 30 21 27 30 30 32 35 33 23 30 30 24 27
20 18 20 21 21 18 15 10 7 18 21 21 21 22 20 22 24 23 23 24 23 24 25 25 24 23 23 23 26 22 22 21 22 19 21 22 22 21 19 21 18 19 18 18 19 18 21 18 18 19 19 17 16 15 16 17 15 15 17 14 14 28 29 27 26 33 32 34 26 29 29 29 30 31 27 19 24 28 27 29
17 18 19 22 20 12 5 12 18 19 21 21 22 23 22 23 25 25 24 25 23 23 24 24 23 21 21 22 24 22 21 21 21 20 21 18 18 19 18 23 23 22 21 21 21 23 20 18 17 17 18 15 15 15 15 16 18 23 27 26 17 27 30 30 33 35 34 34 30 33 32 22 22 21 12 5 8 21 27 31
23 20 17 22 20 6 9 18 21 20 18 21 25 25 23 23 24 23 25 24 23 24 23 22 21 20 20 20 20 19 19 19 21 20 20 20 19 19 17 22 23 21 18 20 19 22 18 17 18 16 15 13 14 15 14 16 21 33 31 33 30 28 34 34 31 32 32 33 28 30 29 13 7 7 5 2 4 15 27 30
21 17 13 20 21 19 15 19 22 21 19 20 23 22 21 21 24 24 23 22 23 22 21 19 19 19 19 20 17 15 19 20 18 17 18 20 19 19 16 17 22 21 13 16 15 17 19 18 19 18 21 19 17 15 16 19 20 29 33 36 34 32 33 31 26 29 30 25 21 23 29 27 23 23 18 8 9 19 27 28
16 11 6 20 22 21 20 19 20 19 19 20 20 17 18 19 20 22 22 20 20 20 21 18 18 18 17 17 18 19 22 20 20 19 19 19 20 20 18 18 22 21 17 16 12 13 14 17 17 18 20 19 16 17 20 19 16 13 27 32 32 32 29 22 16 21 20 19 22 24 34 34 29 35 32 29 28 28 20 21
11 7 14 17 20 19 19 17 18 18 17 19 20 19 18 17 18 18 19 21 21 24 23 19 19 20 17 17 19 20 21 20 19 20 21 18 18 20 19 19 26 25 18 17 12 10 15 15 15 16 17 15 13 16 17 20 17 8 25 28 31 32 26 15 12 15 10 19 31 31 32 32 32 33 31 32 33 32 28 12
13 15 15 14 16 17 17 15 16 17 17 17 22 22 19 19 19 22 21 17 19 21 20 20 18 18 18 18 18 18 21 21 18 17 19 18 17 19 18 19 24 22 17 16 14 12 16 16 17 17 18 13 7 15 19 24 23 14 22 27 33 35 30 8 12 24 29 29 31 30 28 29 32 33 32 35 39 34 25 2
15 17 18 17 17 17 18 15 14 17 17 16 20 21 19 19 19 20 19 18 17 17 17 19 17 20 18 18 19 18 21 18 19 18 16 17 18 17 20 18 18 15 16 17 24 16 17 20 21 16 18 16 12 18 20 27 25 15 9 16 25 27 25 13 28 31 29 31 31 29 30 31 31 31 31 37 44 39 21 2
17 18 19 17 18 17 17 15 14 15 14 17 17 18 19 19 22 20 19 18 19 20 20 20 17 19 19 19 20 17 20 18 19 20 16 19 21 20 19 20 23 20 15 25 26 20 21 29 29 19 19 19 21 17 23 23 17 11 11 8 3 6 15 30 31 30 27 27 31 29 28 28 28 28 30 35 41 37 23 9
18 17 17 19 19 18 17 14 14 14 15 15 15 15 17 18 21 18 19 21 21 21 21 21 19 18 18 20 20 17 18 18 18 18 17 23 25 20 17 28 28 24 18 24 26 25 29 30 28 28 27 23 23 20 24 21 4 7 26 24 9 8 25 34 33 29 29 28 29 29 27 25 27 27 29 35 35 33 30 29
18 17 18 19 18 18 17 13 12 14 14 14 15 16 17 17 18 18 19 21 20 20 20 21 20 18 19 21 20 17 16 17 19 19 20 22 26 23 19 27 24 18 21 27 27 26 29 30 29 30 28 23 23 23 23 20 6 5 23 24 9 13 25 28 29 27 27 29 26 29 29 28 29 30 29 34 35 32 32 32
17 16 15 16 17 20 17 13 11 12 14 14 15 15 16 18 19 14 18 20 19 18 19 20 18 19 19 20 20 18 17 17 20 24 23 18 26 25 23 22 15 17 21 28 29 29 30 29 29 29 27 22 25 27 27 24 20 3 9 17 11 28 26 25 27 29 30 30 27 29 27 29 29 30 29 34 33 31 30 29
17 16 15 15 17 19 15 13 13 12 17 15 13 15 16 18 18 16 21 21 19 16 20 19 15 19 19 19 20 20 22 26 26 25 26 27 24 23 18 17 12 7 11 31 30 30 29 28 30 31 27 22 27 30 31 26 18 3 6 8 12 29 27 25 27 29 29 29 29 29 29 31 29 34 34 32 29 30 29 31
16 15 15 16 17 18 17 15 15 11 15 16 12 17 19 18 18 17 22 23 18 20 21 20 17 21 19 18 18 19 25 29 28 24 26 27 24 25 30 27 9 5 9 27 28 29 28 28 29 30 28 25 31 31 30 24 10 3 3 7 11 32 31 24 27 30 31 31 29 29 31 32 31 35 35 33 27 29 29 29
18 17 16 18 15 18 20 20 17 12 15 13 14 28 26 16 18 19 18 21 21 27 26 24 21 21 18 13 16 19 32 32 28 29 27 20 20 24 24 17 4 2 11 29 29 29 29 29 28 31 32 29 32 31 32 30 20 10 7 2 5 23 27 27 27 29 31 31 30 31 33 36 31 34 34 32 28 30 30 31
17 16 16 21 15 17 19 23 24 16 17 14 14 29 27 19 28 26 16 17 25 29 29 32 31 25 22 12 16 21 30 32 31 29 25 10 17 21 18 1 1 5 28 30 30 28 29 32 30 31 30 29 32 29 29 26 29 30 23 2 2 7 27 29 27 27 28 30 29 30 31 34 32 29 33 33 31 32 30 28
17 17 16 16 16 18 20 22 24 23 21 20 18 27 27 27 26 27 23 13 20 24 29 32 31 29 26 12 18 20 23 28 29 26 19 11 13 8 11 6 3 9 28 27 31 31 32 35 34 30 28 29 27 27 25 22 29 30 23 2 3 11 28 27 26 27 26 27 30 34 36 36 34 32 36 40 36 35 31 21
17 19 19 12 20 21 21 19 20 23 23 25 24 25 28 26 22 26 22 11 9 12 23 27 26 29 26 7 14 17 21 26 27 22 6 7 6 5 23 22 9 23 32 27 32 32 30 33 38 40 31 30 24 25 24 27 27 28 20 7 5 25 26 25 27 29 27 29 31 34 35 37 41 37 36 42 40 35 28 12
19 19 18 16 20 20 17 17 14 22 23 23 17 21 25 23 23 25 21 7 7 7 5 18 27 36 31 6 10 13 23 27 28 28 23 5 3 10 30 31 24 25 31 28 31 31 30 30 30 36 34 32 26 32 32 31 29 30 26 24 11 27 28 30 30 34 31 31 34 36 39 45 49 42 34 36 37 35 32 28
24 24 18 18 19 17 8 10 14 18 23 20 7 10 25 24 26 30 27 8 8 9 11 13 27 35 31 19 32 31 29 28 28 28 27 18 13 24 30 31 28 28 24 25 30 29 32 32 29 28 33 30 30 33 33 34 33 29 27 30 29 29 28 30 29 31 30 31 36 39 43 49 50 43 34 32 31 30 31 27
22 23 19 19 20 18 10 12 13 16 22 19 7 11 25 25 23 26 25 11 12 12 20 21 18 28 26 23 31 30 26 28 28 29 30 30 30 28 30 30 29 29 29 28 31 29 30 30 29 34 32 32 33 34 34 33 33 30 29 29 30 29 28 29 28 28 31 30 37 44 50 50 48 40 34 34 32 31 31 30
18 18 18 19 17 15 11 11 12 13 15 16 10 15 23 23 17 18 21 21 21 18 21 25 24 25 28 28 28 29 28 28 29 30 29 27 26 28 29 28 32 31 33 31 35 29 29 27 28 32 31 33 34 34 33 31 31 31 29 27 27 28 29 27 27 27 32 30 37 51 49 45 49 41 36 35 31 31 31 29
17 18 14 13 9 10 8 9 10 11 14 14 16 18 17 23 23 24 27 25 24 18 10 25 25 22 31 31 28 29 24 23 29 29 29 25 23 27 30 30 31 30 30 32 32 28 29 29 28 32 32 32 32 33 32 30 32 31 24 26 27 29 31 27 28 29 29 32 37 49 47 40 45 38 31 32 32 34 33 26
12 16 10 7 11 12 8 8 9 12 23 25 25 21 22 24 25 26 28 31 29 19 11 22 24 16 23 28 28 27 28 29 27 27 28 26 25 30 31 30 30 29 30 32 32 27 28 29 28 31 32 31 29 32 32 31 27 28 26 27 31 32 31 28 31 33 32 35 37 41 38 37 37 34 30 32 36 35 33 27
14 18 14 9 23 21 6 8 9 13 27 27 26 23 23 23 26 25 25 29 29 25 18 10 16 5 8 27 29 28 30 28 27 28 30 30 28 31 31 28 32 29 30 29 30 26 29 30 31 32 33 29 28 30 30 32 28 31 31 30 31 30 28 27 30 33 35 42 45 44 38 40 40 38 32 31 31 33 28 30
20 26 19 8 19 16 4 7 10 19 25 25 26 25 23 21 30 29 25 26 25 24 22 20 12 10 12 27 29 29 28 27 28 30 28 28 28 30 26 22 33 30 30 27 29 25 29 32 34 30 33 30 27 29 28 31 31 32 31 31 28 28 28 29 29 31 36 43 48 46 41 38 38 37 32 31 29 30 28 31
16 20 17 14 11 4 5 5 8 28 26 23 26 25 23 22 29 28 27 30 24 28 28 27 28 23 25 36 35 29 29 29 29 30 27 24 26 22 10 15 26 31 31 32 31 25 29 29 31 29 30 30 34 31 30 30 30 30 29 29 28 33 33 32 29 31 32 37 43 46 46 42 34 33 37 39 35 33 33 30
10 11 9 29 26 10 14 11 12 27 27 30 29 29 22 25 25 25 28 29 26 29 28 27 28 25 26 33 32 25 27 27 25 27 24 23 26 24 25 25 27 28 29 29 27 27 30 29 32 29 27 30 32 29 30 30 30 30 30 30 29 32 32 34 28 29 30 34 37 48 50 42 34 33 41 46 42 33 32 29
17 21 11 26 22 10 29 29 26 26 28 34 33 30 26 25 25 26 30 27 29 30 28 26 29 27 26 27 25 25 25 23 24 28 25 26 26 27 28 30 31 27 30 30 30 27 30 33 30 29 29 29 26 25 32 32 31 31 29 28 29 30 34 33 30 30 29 30 35 46 48 42 43 40 38 41 37 30 31 30
18 23 20 14 8 12 29 30 30 29 31 32 32 31 30 25 26 25 29 27 31 30 31 29 30 31 31 29 28 28 27 28 29 28 27 30 27 31 31 35 33 33 32 32 32 28 32 33 28 32 34 35 30 29 31 33 32 31 28 29 31 32 40 40 32 29 32 31 33 42 44 40 38 37 32 30 29 30 31 37
12 27 28 26 22 25 25 29 30 28 29 28 27 28 28 26 26 26 27 28 27 28 29 29 30 34 34 27 27 28 26 28 29 29 29 30 28 34 35 33 31 32 31 30 30 30 33 35 34 33 33 34 31 32 31 33 32 29 28 34 34 32 41 43 38 29 30 29 32 38 40 40 33 28 26 28 27 28 30 40
24 26 27 29 25 23 25 28 29 27 30 31 26 22 24 26 27 29 28 30 29 29 25 25 29 30 31 27 26 26 29 29 30 31 34 33 26 31 34 29 29 28 28 30 32 29 31 35 35 37 35 31 31 32 30 29 26 29 29 30 28 26 39 41 37 30 27 27 33 39 43 44 41 26 26 32 26 27 28 37
23 23 23 28 28 28 26 27 27 28 31 29 26 25 27 27 27 30 30 33 33 32 27 27 28 27 28 31 32 26 29 29 29 30 30 29 26 26 36 33 31 30 29 31 34 35 32 33 35 36 32 30 30 29 28 26 27 26 23 17 9 12 24 25 24 21 21 26 32 35 39 43 41 32 34 31 26 26 25 28
21 22 22 25 30 31 30 28 29 31 30 28 27 26 26 24 26 30 30 31 32 33 29 26 28 30 31 34 36 31 26 28 31 32 28 29 27 30 35 34 30 32 30 31 32 35 35 35 40 36 28 29 26 21 26 26 29 25 21 10 8 7 4 2 2 2 7 28 32 35 34 40 39 39 41 33 26 26 26 27
26 22 22 26 28 32 30 28 31 29 26 27 28 27 28 26 28 32 32 30 32 36 30 28 28 28 30 34 37 32 29 31 32 32 28 27 27 31 36 34 28 28 30 31 30 34 34 33 36 35 28 28 22 9 24 23 25 26 22 18 11 17 16 10 9 8 10 25 29 34 36 42 39 38 28 27 28 27 29 31
27 27 27 28 27 31 30 28 27 29 29 32 31 32 27 27 28 31 31 30 35 39 31 29 28 27 28 37 40 32 29 30 28 30 27 29 27 28 30 28 25 25 27 31 31 29 29 30 31 32 29 28 26 16 21 22 24 29 29 28 26 28 30 27 29 28 25 19 24 34 35 36 32 30 25 27 27 27 28 27
28 30 27 27 30 31 31 29 28 29 27 30 33 35 32 30 29 29 28 28 30 34 28 28 30 30 28 36 39 33 30 29 28 30 27 32 27 25 23 25 26 26 29 31 31 34 33 32 27 26 31 28 20 8 24 27 29 30 31 28 26 30 32 30 33 33 31 27 21 30 31 29 27 25 21 24 24 25 25 27
35 33 27 28 32 33 33 33 32 32 31 30 30 31 33 32 31 31 33 29 28 28 28 26 29 33 30 31 33 34 29 28 28 27 25 29 26 24 21 22 23 22 28 26 21 29 28 28 13 12 32 26 25 23 28 29 29 30 30 26 24 29 32 32 32 32 33 32 26 24 27 31 32 30 28 24 19 21 29 31
31 32 30 29 30 31 31 30 32 34 35 32 28 30 31 31 32 31 34 27 24 25 30 29 27 32 31 31 31 32 30 28 27 26 25 25 22 21 19 20 22 24 21 18 16 12 13 21 21 25 33 32 30 33 32 31 28 29 28 27 29 31 33 33 30 32 33 33 30 19 16 31 33 27 28 29 25 22 34 31
25 31 31 30 33 31 28 24 27 32 34 31 26 29 31 31 33 32 28 27 29 27 30 29 26 29 30 28 26 27 29 29 22 24 22 14 19 18 14 12 20 19 14 18 23 21 23 26 26 27 31 31 30 32 33 34 31 30 31 30 31 32 34 33 31 31 34 33 30 23 10 25 27 26 27 30 30 28 24 27
27 26 25 29 35 29 24 19 22 29 30 29 29 33 31 29 31 30 32 34 33 29 28 27 25 26 28 25 23 18 24 24 15 11 14 16 18 18 19 22 23 26 21 25 26 28 25 29 30 30 33 31 28 30 33 35 33 29 34 31 33 35 37 36 35 31 33 33 33 32 27 25 19 19 27 31 30 25 22 27
25 19 18 24 30 30 25 20 21 28 32 32 33 33 35 34 32 31 32 37 35 29 27 24 26 23 21 20 17 13 10 12 10 19 20 22 23 29 31 30 27 30 26 29 29 32 31 30 30 32 33 32 30 29 32 33 33 31 32 32 36 36 39 38 36 36 36 34 34 34 34 31 19 12 22 27 30 28 25 29
25 21 20 23 24 27 25 26 31 29 30 30 31 34 35 32 33 31 32 35 30 28 26 25 26 19 12 11 14 24 22 25 26 29 28 25 26 31 33 32 29 31 28 26 29 31 31 30 31 30 29 32 31 30 31 32 32 34 35 34 36 36 42 41 37 41 41 36 34 34 36 32 28 23 12 14 27 26 25 31
26 25 22 27 26 25 26 28 33 32 31 35 32 35 35 31 33 36 34 33 26 26 23 16 20 15 17 24 24 26 29 30 34 33 32 28 28 30 35 35 34 33 32 31 30 31 28 28 31 28 26 29 29 28 28 33 35 34 34 33 35 35 36 37 38 39 39 35 38 37 35 33 32 27 17 10 23 25 20 25
25 26 23 25 26 24 26 30 30 33 35 34 34 33 30 28 30 34 32 26 17 15 13 16 24 23 24 33 34 30 30 33 35 34 35 35 33 31 35 35 34 30 33 33 32 32 29 29 28 27 26 27 28 32 29 29 33 36 33 32 33 32 33 33 34 36 31 31 36 35 35 34 33 31 27 13 10 19 16 16
22 22 21 21 25 25 23 29 29 32 33 31 34 32 31 30 30 28 23 10 2 5 12 22 34 32 31 31 36 32 30 35 36 32 34 35 34 34 35 33 33 32 32 33 36 35 30 30 29 29 27 30 30 30 32 29 31 36 34 33 32 31 34 32 31 34 31 32 34 33 35 35 33 31 33 27 12 11 12 24
16 17 19 18 25 26 24 30 29 29 33 34 35 32 29 30 29 30 21 1 4 9 14 26 33 31 31 29 35 33 30 34 36 32 33 36 36 36 35 31 33 29 29 32 37 36 33 31 28 29 26 32 32 31 28 30 28 29 30 30 34 34 36 35 34 33 34 33 34 34 34 32 33 31 31 29 27 14 11 27
13 13 25 26 26 25 23 28 27 27 30 30 33 33 33 29 27 27 15 4 10 8 13 30 29 29 31 32 32 36 35 36 36 34 34 31 34 36 35 29 33 29 31 35 35 31 33 34 29 26 21 31 29 31 27 28 28 31 31 31 36 35 38 38 35 37 35 35 32 36 34 30 30 28 29 32 32 25 7 20
16 14 29 29 26 22 24 25 26 27 25 22 30 31 31 30 31 23 4 7 12 11 15 30 32 28 21 22 33 35 33 33 35 39 36 27 31 32 32 25 32 31 35 34 36 33 30 35 31 23 14 24 26 28 28 28 27 30 31 32 35 38 38 39 35 34 33 33 32 32 30 30 27 26 30 34 36 31 14 14
10 8 21 24 23 23 25 25 26 28 28 29 26 27 27 27 29 22 11 24 22 21 26 23 28 28 21 17 34 33 29 31 27 29 32 26 29 28 27 20 29 31 34 31 34 34 29 36 33 26 15 18 21 24 28 27 25 27 30 33 34 38 37 36 32 32 32 33 31 28 30 30 29 30 32 34 36 33 23 18
5 5 9 17 18 22 21 21 21 25 28 29 28 30 29 27 24 16 18 29 28 34 34 30 27 24 26 33 33 32 32 36 25 8 23 36 31 16 17 16 23 28 32 28 28 29 31 36 32 26 19 19 21 21 27 25 16 18 20 28 34 39 41 40 36 37 34 35 34 31 31 31 30 30 33 33 34 33 29 28
9 9 10 13 17 20 19 20 22 24 26 25 27 31 31 31 27 15 18 32 28 37 37 33 32 33 31 33 31 35 31 32 28 18 19 31 28 13 14 11 6 22 27 28 29 33 34 32 30 27 22 21 18 19 23 21 7 11 12 28 33 38 37 37 37 37 35 36 35 32 32 31 32 33 35 36 34 35 34 34
23 25 23 21 22 20 23 23 25 23 27 28 30 32 34 35 30 21 18 25 23 33 32 27 26 33 33 33 27 30 30 29 27 21 5 21 20 12 12 15 18 27 23 23 26 33 34 35 35 31 24 23 20 19 20 17 4 4 7 27 30 37 36 38 39 38 37 35 35 34 32 32 33 33 32 33 34 37 34 34
25 30 30 25 26 26 36 36 30 28 33 30 28 33 35 38 32 24 24 22 16 25 23 12 16 30 31 32 34 34 33 31 20 18 12 32 31 29 30 40 40 38 36 23 11 28 34 36 33 28 22 22 21 21 12 2 2 2 4 17 23 35 36 37 37 34 35 32 31 31 29 31 34 32 31 33 32 34 34 35
25 30 31 32 31 31 39 40 33 27 30 30 28 32 32 33 28 23 21 21 17 16 15 16 17 24 29 35 35 31 29 22 8 12 31 36 36 33 32 38 39 37 38 39 30 18 31 32 31 29 16 18 20 19 8 7 10 10 10 10 13 27 26 34 30 26 32 30 32 30 27 28 33 33 32 33 34 33 33 35
24 29 30 37 37 36 35 34 32 27 24 27 26 27 30 29 18 17 17 19 20 18 18 17 16 18 32 35 35 27 22 6 9 23 32 35 35 35 34 31 37 34 36 39 38 36 29 27 28 26 11 16 18 16 12 28 38 39 38 38 36 23 9 20 19 32 35 32 31 30 27 30 34 33 33 33 34 33 34 36
32 31 31 35 38 37 30 24 27 33 33 28 25 29 31 27 18 15 18 20 21 19 23 19 17 20 33 32 26 25 24 13 18 7 30 31 33 33 33 33 37 37 32 37 39 38 35 34 31 31 29 29 28 32 32 31 38 40 39 39 38 29 15 14 15 33 31 33 36 33 29 31 38 34 34 34 35 33 33 36
34 33 30 31 33 33 30 27 29 35 38 35 22 33 32 20 6 13 17 21 21 22 27 29 26 29 37 29 14 31 34 25 21 7 29 33 34 31 31 34 32 39 37 34 35 35 34 35 32 30 33 32 32 31 33 35 36 39 37 41 39 28 18 21 39 37 23 25 29 33 32 33 31 34 34 34 31 29 31 33
26 28 29 32 31 34 36 32 31 34 36 33 24 34 32 20 7 11 18 22 21 23 31 35 32 29 36 31 13 36 34 20 12 3 16 28 32 25 24 29 32 38 36 34 36 38 36 33 32 33 32 35 33 35 34 36 36 36 33 39 38 31 30 31 35 35 25 7 7 24 28 32 32 33 35 34 30 28 34 35
15 22 24 26 28 32 33 32 32 32 31 26 26 33 33 23 10 5 18 21 21 22 27 29 27 25 37 38 19 33 27 5 2 1 4 13 20 10 13 30 34 36 33 32 36 39 38 35 31 34 32 29 31 33 32 32 35 35 34 34 35 32 39 38 30 32 29 15 8 9 22 27 29 32 35 34 27 28 31 31
14 25 26 26 26 28 29 30 31 34 34 33 35 29 32 27 16 8 15 18 19 18 16 14 11 14 29 35 33 24 8 6 1 1 3 10 10 11 20 35 35 36 33 32 38 38 35 33 27 31 30 26 26 28 28 30 34 35 32 34 31 31 37 38 35 37 41 30 9 12 15 25 30 33 37 35 27 28 28 25
13 21 25 26 27 28 28 29 30 33 30 35 35 29 30 32 29 16 9 14 19 19 16 13 11 21 28 36 34 32 13 8 2 2 2 7 9 13 39 39 34 29 27 28 36 36 33 31 27 27 25 23 25 24 23 24 27 31 28 27 31 34 29 35 36 39 39 28 10 16 17 22 28 30 34 33 31 28 25 26
17 25 26 27 27 28 31 31 33 32 29 34 30 31 30 30 27 20 10 12 18 19 18 13 15 29 30 38 37 36 24 14 7 1 2 2 5 11 29 30 31 25 27 28 29 31 31 31 29 27 24 22 22 22 21 24 24 27 27 25 29 29 29 35 41 41 33 23 17 27 20 8 16 18 25 29 29 24 22 25
28 32 32 29 30 34 32 30 35 31 28 35 33 34 32 23 21 22 15 12 20 25 24 21 29 40 34 34 34 35 35 34 18 2 3 2 3 6 6 8 18 24 30 30 28 28 27 29 30 26 22 21 21 22 22 24 25 25 25 25 30 27 28 31 40 41 37 32 31 34 30 12 7 6 22 28 22 21 28 25
31 44 42 32 32 33 32 30 33 29 29 36 35 35 32 26 24 25 19 10 30 37 37 29 33 34 36 34 37 36 34 30 12 5 5 4 2 2 6 6 11 21 23 26 24 26 29 27 27 24 20 23 23 24 21 21 22 23 25 26 30 29 28 29 34 39 40 32 30 34 34 27 12 12 17 20 22 24 29 25
36 43 42 35 33 33 34 30 29 27 31 37 37 36 31 32 28 25 19 9 27 29 34 34 34 35 34 34 34 34 35 29 9 6 7 5 3 2 6 13 27 25 8 18 15 19 20 20 18 16 16 19 24 24 22 23 23 26 26 25 26 25 27 25 33 33 34 27 27 32 39 36 26 20 8 4 18 25 30 27
36 35 37 32 32 32 32 34 30 28 33 33 35 34 34 33 29 31 26 14 13 26 35 34 37 38 38 33 31 34 36 34 23 5 6 7 4 1 6 27 27 24 6 5 2 1 2 9 13 15 15 21 22 24 23 23 22 24 25 25 26 26 28 26 26 23 22 22 21 31 37 37 31 22 6 3 6 25 28 27
25 28 34 32 28 29 33 37 34 29 30 31 34 32 33 31 30 31 26 14 27 34 37 35 33 36 38 30 32 33 35 36 32 5 6 6 3 2 6 27 24 19 4 2 1 1 1 4 13 15 16 20 22 24 23 22 21 19 21 24 25 25 27 30 26 23 24 25 20 27 33 36 35 25 8 5 6 17 18 26
5 12 28 29 25 29 30 33 32 33 29 32 33 33 35 32 31 29 24 7 26 32 37 38 35 35 36 34 33 34 32 31 21 3 5 5 3 2 4 19 22 22 3 2 1 1 1 2 6 11 16 19 21 22 20 21 22 20 21 23 24 25 30 31 27 26 24 28 22 26 33 36 36 30 24 12 14 4 7 28
14 24 24 24 17 27 26 30 31 32 30 32 30 33 36 32 32 30 27 11 24 30 38 43 39 35 35 32 32 33 32 25 4 5 5 5 4 4 3 3 15 17 2 2 2 1 1 2 10 18 19 16 18 18 18 23 24 23 22 21 22 24 27 27 24 26 27 30 27 27 32 32 38 36 34 33 30 6 6 18
19 25 22 23 14 19 24 32 32 29 29 31 28 32 31 33 33 31 32 26 26 33 36 37 33 30 31 29 30 30 30 24 18 16 7 5 4 4 3 2 1 2 1 2 2 1 1 4 22 25 23 18 19 18 18 21 23 26 25 20 20 21 25 26 19 20 23 24 25 28 27 27 33 33 33 32 24 7 4 3
