input/20181/5/tree-height.asc
NCOLS 80 
NROWS 80 
XLLCORNER 447767.412540805 
YLLCORNER 5379472.45755278 
CELLSIZE 5 
NODATA_value -3.4e+38 
11.000000000000000 24 25 24 22 23 22 18 12 5 2 1 2 9 22 21 23 22 19 17 9 21 21 23 28 28 29 29 29 28 28 32 31 25 25 27 25 28 29 30 29 28 28 33 29 25 22 23 24 27 29 31 30 31 30 30 30 27 33 32 33 28 19 22 22 17 9 10 24 29 30 28 31 30 30 32 31 31 31 31
26 27 27 25 23 24 24 25 22 8 2 3 11 22 23 23 24 25 25 25 22 17 19 24 27 29 28 29 29 29 32 31 28 25 24 28 26 28 30 30 29 28 27 28 26 26 26 27 26 27 31 33 30 32 32 32 34 33 33 32 28 23 6 3 10 28 29 25 27 30 30 29 28 31 30 31 30 32 31 29
27 31 29 25 27 26 25 23 21 8 8 11 27 28 23 25 25 27 27 27 28 25 22 24 28 30 29 27 29 29 29 32 30 23 28 28 27 25 27 28 28 27 26 29 29 28 29 26 27 28 31 31 30 32 32 31 37 35 32 31 30 27 16 4 21 29 30 29 32 32 30 30 30 31 30 30 30 31 31 31
28 31 27 25 27 26 26 21 19 11 22 27 29 29 23 26 27 29 27 28 29 29 27 28 30 30 28 25 29 27 26 29 29 27 30 29 29 29 29 29 28 27 23 27 28 28 29 32 31 28 28 28 30 31 30 35 36 36 33 33 29 22 6 8 23 29 30 31 31 32 32 31 31 31 29 28 28 28 30 30
30 29 28 30 31 26 26 21 21 16 26 28 31 31 25 28 28 28 24 29 27 29 28 30 31 29 30 24 25 24 25 26 30 33 31 30 30 28 28 29 30 28 25 28 29 31 33 34 30 27 27 32 31 33 34 35 36 35 33 35 32 19 12 24 28 30 30 30 31 29 31 30 30 29 30 28 27 29 28 27
30 31 29 26 29 26 25 25 22 19 27 28 29 29 27 27 26 26 27 30 28 30 29 29 30 27 28 29 28 26 26 27 32 33 31 30 30 30 30 33 33 29 27 29 30 31 30 33 33 30 29 32 30 29 32 35 35 34 32 28 22 13 26 31 30 32 30 30 29 27 27 28 27 28 29 27 26 28 28 29
28 29 29 27 27 26 25 25 18 21 29 30 29 31 28 29 32 26 28 31 31 33 29 29 29 28 22 30 31 27 26 29 32 32 31 30 30 30 33 33 33 31 30 29 30 30 30 30 33 33 30 30 30 32 32 33 32 30 18 12 6 12 31 33 30 31 29 30 28 29 28 29 29 27 27 28 27 28 32 30
24 24 25 25 28 27 25 22 12 21 29 31 29 30 30 28 32 31 31 29 32 34 30 32 31 32 29 27 31 28 26 29 30 31 31 32 32 31 33 33 32 33 32 28 29 31 30 27 28 29 29 29 32 32 31 32 29 20 2 8 22 31 31 34 30 29 29 29 28 29 28 29 29 28 28 29 28 28 30 28
25 23 24 22 23 22 22 17 15 25 29 29 31 30 29 30 31 31 30 29 31 35 30 29 32 34 31 26 30 27 25 31 31 34 34 33 35 33 34 33 31 31 32 30 32 31 33 30 27 28 29 28 30 29 26 29 24 3 4 24 33 32 31 31 29 29 27 24 25 29 29 27 26 28 27 28 26 27 27 26
23 23 26 22 21 21 18 11 17 21 29 28 32 30 27 29 30 30 31 31 31 33 31 32 34 38 37 29 29 25 29 31 30 33 32 32 34 30 32 33 30 29 30 31 31 32 32 30 29 29 32 31 35 31 24 29 25 6 12 28 32 32 32 30 29 30 26 25 25 27 28 28 27 28 28 28 25 27 26 25
19 22 21 21 23 20 15 11 23 23 27 27 30 28 26 27 28 30 31 32 31 30 32 33 37 36 35 29 29 26 28 30 30 33 31 32 32 26 29 31 29 28 28 30 31 33 32 30 30 30 32 30 32 24 15 20 22 24 32 33 31 31 33 32 31 30 27 27 27 28 28 28 28 29 29 27 28 28 25 25
20 22 21 24 26 20 11 17 28 27 22 22 21 28 28 28 29 27 29 30 31 30 33 31 36 34 29 27 27 29 28 28 30 30 32 33 31 26 27 28 30 28 28 30 30 31 31 28 29 29 29 29 25 5 6 23 30 30 32 33 33 31 35 32 31 30 29 33 30 27 27 26 26 27 26 25 28 28 26 26
19 20 21 23 25 20 11 16 25 26 24 25 22 25 28 29 31 26 28 28 30 35 34 27 30 30 30 27 26 26 28 28 29 29 32 32 29 27 28 28 32 30 28 29 29 30 28 29 29 28 28 31 25 5 12 29 31 31 32 35 35 35 35 30 30 31 30 32 30 30 30 27 28 28 26 27 26 26 23 22
19 19 20 19 19 18 17 20 22 27 26 28 26 26 28 28 28 29 31 31 30 39 37 26 27 27 27 26 26 27 31 30 28 26 29 31 30 29 29 28 31 33 32 28 25 27 26 29 30 28 28 25 18 10 31 33 31 30 35 35 34 33 32 28 27 31 28 30 29 28 29 26 31 28 26 26 26 27 23 22
18 19 16 16 15 18 23 24 25 26 26 26 29 28 29 29 24 26 30 29 29 35 33 25 29 30 27 28 30 28 29 28 27 27 29 34 33 29 28 29 32 32 31 29 25 27 28 28 28 26 26 26 26 26 30 32 29 31 33 34 33 32 31 29 28 32 30 30 28 26 27 26 29 27 25 24 27 27 25 25
16 16 15 11 11 22 25 27 27 27 27 26 26 26 30 30 25 22 24 24 28 28 26 24 28 28 26 29 32 32 29 30 28 31 32 33 32 31 28 29 31 32 31 29 28 27 29 30 27 24 22 24 31 30 27 30 30 32 33 33 30 29 31 32 31 32 28 30 29 25 25 25 26 28 28 25 26 27 29 28
18 18 17 11 22 28 28 29 28 27 27 28 29 26 29 31 29 28 28 25 24 24 25 23 24 23 27 30 33 32 29 29 26 31 32 33 33 34 34 31 30 33 34 36 32 28 30 31 29 26 26 30 30 28 26 29 29 30 30 32 31 28 30 32 31 31 29 29 29 28 25 26 27 29 28 26 27 28 27 28
20 18 17 15 26 30 30 30 26 28 30 28 28 27 29 30 26 27 29 27 26 23 24 27 28 28 28 31 30 30 31 31 31 31 29 30 30 30 32 32 32 31 34 37 32 31 28 30 28 29 32 33 31 29 27 28 30 31 30 32 30 28 29 30 30 28 30 28 27 26 25 26 26 28 27 27 26 27 28 28
19 16 16 23 28 31 28 28 28 31 31 31 30 29 31 30 29 29 29 27 26 21 22 27 28 28 28 32 32 33 32 32 31 31 30 29 29 31 33 29 30 31 31 34 31 29 18 26 30 30 33 33 31 30 29 26 28 29 31 32 29 29 28 30 29 29 30 29 27 26 26 26 25 27 28 27 27 28 29 28
16 16 22 28 30 31 31 29 30 28 29 29 29 29 29 27 29 28 26 26 25 21 22 26 29 28 29 30 33 34 32 32 30 32 31 28 29 32 32 32 31 34 32 31 28 17 4 23 32 33 34 31 29 27 30 27 26 28 31 31 30 31 29 29 32 30 29 28 30 25 30 28 26 28 27 26 27 28 30 30
16 19 25 25 30 30 31 28 31 31 31 29 27 27 27 26 32 30 25 27 26 24 24 26 33 31 30 31 33 32 30 32 31 31 30 29 31 30 28 32 34 34 34 28 21 6 9 28 33 33 34 32 30 28 28 28 26 27 27 27 29 30 29 27 29 31 31 28 30 24 29 28 27 27 27 26 28 31 31 32
17 23 26 24 29 32 32 33 32 31 29 28 28 27 27 29 29 25 25 24 24 25 25 26 31 31 31 32 33 31 30 31 31 31 31 29 29 30 31 35 33 31 31 24 10 10 19 29 35 36 34 31 33 32 28 26 27 27 27 27 27 28 28 27 28 29 29 26 28 25 26 26 27 27 27 26 29 30 32 32
18 23 24 24 33 33 32 33 33 29 28 30 30 26 26 29 26 23 24 23 24 26 27 28 29 32 32 29 32 33 34 31 32 31 34 30 30 32 33 34 30 30 32 30 29 22 25 29 33 35 33 34 32 33 32 29 28 26 27 27 28 29 28 28 28 28 29 27 30 26 27 27 27 28 29 29 29 29 31 31
23 26 26 24 32 33 31 31 31 30 30 32 29 28 27 26 22 23 23 22 25 27 27 27 29 32 32 29 30 32 33 29 29 30 32 31 32 32 32 32 32 31 30 29 29 26 30 32 32 35 34 36 36 36 32 31 28 28 29 27 29 29 29 28 28 28 29 26 29 27 27 29 29 27 29 29 28 31 30 30
26 31 31 27 29 31 30 30 31 32 33 34 29 28 28 29 24 21 23 26 28 28 28 28 28 30 31 31 30 32 33 31 29 30 26 29 32 32 31 31 32 30 29 26 24 28 31 35 38 38 35 33 36 36 36 32 29 30 31 27 29 28 27 26 26 26 27 27 30 29 29 29 29 29 28 29 31 31 30 30
24 29 30 34 34 29 29 28 30 31 30 31 30 26 24 24 22 24 24 26 28 26 27 27 28 30 30 30 33 29 32 32 32 29 27 30 33 31 33 31 32 33 29 29 29 35 34 35 37 37 36 29 34 36 36 33 30 30 30 28 27 26 26 28 27 27 26 29 29 29 30 29 29 28 27 29 30 29 31 29
25 27 25 34 34 31 31 30 30 33 27 24 25 23 17 15 25 24 24 24 26 27 27 28 28 29 30 28 30 29 30 30 29 30 30 31 33 31 33 32 32 33 25 21 22 32 37 35 36 34 33 29 34 38 37 35 32 31 29 29 28 25 28 28 29 27 26 27 28 29 29 30 28 27 28 28 31 26 31 28
25 28 30 34 33 33 30 29 27 29 25 21 22 19 7 15 22 23 24 24 26 29 30 28 28 29 30 29 30 29 28 29 29 30 31 33 33 30 32 30 32 33 28 17 16 30 33 33 36 37 34 31 29 33 36 35 34 34 31 28 27 25 27 29 29 28 26 28 29 29 27 28 28 27 27 26 27 23 27 28
30 31 33 34 33 32 29 26 25 23 23 19 18 15 15 19 21 23 24 25 26 28 30 30 29 30 32 32 30 28 28 30 31 34 33 33 32 31 31 29 31 33 30 25 20 32 33 32 34 33 31 34 34 31 32 32 35 36 32 27 26 25 29 32 31 28 27 27 28 26 27 29 26 27 27 26 25 29 30 31
30 32 33 31 29 29 29 25 26 23 22 19 15 17 20 24 26 29 25 26 26 26 29 30 29 30 31 30 29 28 33 33 31 33 32 31 30 30 30 29 31 32 28 25 28 33 33 32 32 32 29 34 34 35 33 30 35 35 31 32 28 23 30 32 30 28 29 31 29 28 31 31 28 28 28 29 29 32 32 31
29 32 31 30 29 28 24 23 21 20 18 15 16 24 24 26 28 29 28 27 29 27 30 31 28 30 31 30 31 29 34 34 31 32 31 29 28 30 31 32 32 32 25 21 23 29 31 31 32 30 31 33 33 34 34 33 35 34 32 34 30 23 33 33 27 30 30 30 30 30 29 30 27 24 29 29 30 33 32 30
29 27 28 28 30 29 24 22 18 14 13 12 21 25 25 26 30 29 27 29 30 31 29 33 28 29 30 31 32 30 29 29 32 32 31 30 29 30 30 31 32 31 28 29 31 35 32 32 33 32 32 31 29 32 35 34 34 32 32 34 33 28 31 31 28 31 30 29 30 30 29 29 29 26 31 30 30 32 33 31
27 29 29 27 30 28 23 17 14 5 7 10 18 24 25 24 28 28 26 28 28 29 29 31 28 28 28 31 32 30 30 30 31 30 31 30 28 28 27 27 28 27 33 33 36 35 32 31 30 32 33 31 27 28 35 35 35 36 35 32 32 35 27 29 28 29 28 28 29 30 27 23 26 30 33 32 29 29 32 31
30 28 27 25 31 26 17 13 19 19 17 10 18 22 24 24 25 27 28 29 27 29 29 29 28 28 30 31 31 30 31 31 30 29 29 30 27 29 27 23 16 27 35 35 33 31 28 29 30 32 32 30 29 28 33 34 34 34 36 31 33 32 33 34 29 29 30 24 30 30 19 8 30 29 35 34 27 27 30 31
30 30 26 23 22 21 18 18 23 22 24 25 24 25 30 27 27 27 29 30 29 28 30 25 29 29 30 30 29 30 30 31 32 30 29 29 31 29 19 20 11 32 33 33 30 29 29 32 30 32 30 27 31 31 35 35 34 34 34 29 35 34 32 35 31 32 31 23 18 19 10 11 30 28 34 33 29 27 27 34
28 28 25 21 18 18 24 23 25 22 25 26 26 28 31 29 31 28 30 28 28 29 30 27 33 29 29 29 27 30 31 32 32 29 28 28 32 24 5 22 28 33 33 32 33 33 31 34 32 31 30 30 34 35 37 36 38 34 35 33 35 32 29 31 29 28 23 13 2 3 4 11 30 32 31 31 34 32 30 36
28 23 21 18 18 24 26 25 25 24 25 25 27 27 26 26 28 25 29 30 31 30 29 30 31 28 30 30 30 27 30 31 29 32 31 25 29 22 11 27 31 32 34 31 33 34 33 33 33 34 34 31 33 33 35 36 37 33 35 35 34 30 27 29 27 19 7 4 10 10 12 25 31 34 35 33 37 37 36 36
26 23 20 20 20 22 23 24 25 26 26 26 28 27 28 29 28 25 30 30 30 31 30 30 29 28 30 31 30 27 31 31 29 30 28 21 17 16 29 29 30 32 33 30 33 33 31 31 33 33 32 28 31 29 31 33 38 37 36 36 35 31 30 34 32 25 26 19 35 34 31 32 35 35 36 36 35 35 36 36
23 22 14 25 25 22 24 25 26 26 27 26 28 30 32 29 28 29 28 28 29 32 32 28 29 31 30 32 30 30 31 28 29 28 24 22 19 29 33 32 32 33 32 30 33 32 31 31 30 31 31 32 30 29 31 31 37 37 38 34 34 33 32 33 29 34 38 35 37 36 32 31 36 36 35 35 34 34 36 35
20 21 19 23 24 22 24 25 25 23 26 26 28 29 31 27 28 30 29 29 31 33 33 32 31 32 31 32 30 29 29 23 27 27 24 25 29 34 35 33 32 34 34 32 35 31 31 33 32 29 28 33 30 36 37 36 38 35 38 35 36 34 27 28 30 36 38 38 40 38 35 33 40 37 32 33 34 34 34 34
18 23 20 23 23 22 25 24 25 26 26 28 28 29 29 28 29 29 28 28 29 33 33 33 31 31 31 31 30 30 25 18 21 22 26 28 32 36 35 33 34 31 32 35 35 31 32 32 31 31 31 33 32 33 34 38 39 37 36 36 38 36 23 25 31 36 35 37 39 37 39 38 38 35 32 34 37 34 34 33
22 24 23 24 24 24 26 25 28 27 27 29 27 29 28 29 30 29 29 29 31 31 31 32 30 29 29 28 27 22 12 9 21 25 27 29 32 34 35 32 34 31 32 34 34 31 32 32 33 33 33 32 34 34 33 36 37 37 35 30 33 32 26 31 36 37 39 37 39 41 42 38 33 31 30 32 36 33 32 33
25 26 26 29 29 27 28 27 28 28 26 28 28 29 28 30 30 29 29 31 30 30 31 32 29 22 20 18 18 7 3 16 29 33 31 30 31 31 34 34 33 30 30 31 33 32 33 36 34 32 33 29 34 33 35 36 34 33 30 30 31 33 29 33 38 39 38 37 37 40 42 40 38 33 31 31 32 31 33 34
27 28 26 28 29 29 28 26 28 30 28 28 29 30 29 32 31 28 30 30 32 31 32 31 21 5 2 3 12 19 8 20 33 34 35 35 34 31 29 33 32 34 33 35 36 32 34 35 35 31 29 28 33 32 33 34 32 31 29 28 28 31 31 35 38 38 36 38 36 38 40 39 39 36 34 34 33 33 32 28
28 28 28 27 29 29 29 30 29 33 28 30 30 29 29 32 32 27 29 31 30 30 30 24 15 12 9 14 34 34 28 31 30 32 34 34 35 34 33 33 33 32 33 36 35 34 34 34 37 34 32 26 33 32 32 31 32 29 26 22 28 29 33 35 38 38 36 36 37 39 38 37 37 38 35 33 31 32 30 20
26 28 28 26 28 29 28 31 33 32 29 31 30 33 32 33 33 30 29 28 21 28 27 15 15 32 34 37 35 36 35 32 31 32 33 35 36 35 35 34 33 30 31 34 33 38 36 33 35 34 31 22 32 31 30 32 31 31 18 12 32 35 34 38 38 38 35 35 36 38 37 37 37 37 31 29 29 28 19 3
25 26 27 29 28 29 28 29 32 31 31 29 30 32 31 31 29 31 27 17 6 16 14 10 28 36 37 38 36 35 33 32 33 33 34 35 37 37 36 35 34 36 33 34 34 37 37 37 37 38 33 15 27 33 33 31 24 27 14 29 37 37 37 38 38 37 38 38 33 38 38 39 38 35 36 31 22 18 3 4
23 26 28 29 30 29 28 31 30 29 33 31 30 31 30 29 29 25 18 8 10 10 14 28 30 35 34 35 35 35 35 32 31 32 34 36 37 37 35 34 36 36 34 34 33 34 34 33 34 35 31 12 12 30 31 24 19 28 37 37 38 39 39 38 37 34 33 34 33 35 37 38 38 34 36 23 5 3 4 5
23 28 31 28 29 29 29 31 30 30 34 30 32 33 28 23 25 9 3 7 27 34 35 35 32 33 35 35 36 35 34 33 37 37 35 36 37 41 35 34 36 34 35 33 35 35 35 32 34 36 35 27 10 17 18 14 32 34 39 38 37 39 39 36 36 38 37 34 37 39 33 35 36 37 32 5 5 8 8 12
23 27 29 25 27 29 28 28 29 29 33 30 31 32 26 5 17 2 2 13 34 34 36 35 34 34 34 35 36 34 31 33 37 36 37 37 37 37 38 34 31 33 34 33 34 33 34 35 32 32 33 27 7 3 13 36 37 41 39 39 36 38 38 34 39 39 38 32 36 39 36 37 35 34 23 10 22 23 20 28
25 25 25 27 28 28 26 25 28 30 31 30 28 23 19 2 6 2 12 32 33 33 32 32 33 36 34 34 36 36 35 35 35 34 35 35 35 35 36 28 20 26 26 27 30 31 31 32 33 33 29 24 12 11 34 41 41 40 38 41 40 39 35 33 37 39 39 36 36 37 37 39 38 29 10 28 37 36 32 33
28 27 26 30 28 30 30 28 26 31 30 28 23 2 2 10 23 12 27 33 32 31 32 33 33 34 32 35 35 36 35 37 36 37 32 36 36 35 33 20 8 9 9 11 25 31 30 32 31 30 27 25 15 29 40 43 43 40 39 42 38 38 34 35 32 39 37 39 41 36 36 38 38 30 9 37 37 36 31 31
29 29 30 29 29 30 30 30 25 30 24 18 15 2 9 26 31 29 28 33 30 28 31 33 33 33 33 36 37 38 35 35 34 36 34 33 32 27 24 8 8 9 10 11 20 31 30 30 27 26 27 23 19 36 40 41 41 39 43 41 39 39 35 38 36 38 38 39 37 35 30 32 31 19 16 37 37 35 29 34
27 27 29 27 28 29 30 29 27 26 16 4 5 10 24 27 32 34 31 33 32 30 32 34 33 32 33 35 36 39 35 32 32 33 34 32 27 11 8 9 9 9 10 8 12 33 31 29 29 30 28 12 16 37 41 36 37 37 43 42 43 40 36 40 36 36 38 39 38 36 30 27 20 6 23 31 30 31 33 33
29 26 28 26 25 28 29 30 30 31 25 6 10 29 31 32 32 32 31 32 33 33 31 32 33 33 33 34 34 36 35 34 34 33 34 34 29 20 8 8 9 9 9 8 11 28 32 32 28 29 24 4 6 37 37 39 38 36 40 41 40 35 34 34 33 37 37 36 36 36 35 28 18 11 12 19 17 19 32 31
26 24 27 29 29 31 31 30 26 28 27 22 26 30 32 32 30 31 31 32 31 32 31 32 32 34 36 33 36 33 36 33 30 30 32 34 27 21 14 14 12 9 9 9 9 11 30 31 29 28 20 4 9 34 36 36 41 38 37 37 38 31 32 32 32 33 32 32 34 31 31 22 19 16 15 15 19 18 24 24
24 27 28 29 27 29 30 33 29 18 24 30 29 30 29 31 31 29 29 31 30 33 34 32 34 34 33 28 32 33 34 33 32 33 34 35 31 28 31 33 26 13 9 8 9 10 22 23 29 28 20 5 21 32 34 34 39 38 37 35 29 29 30 30 32 32 30 32 34 24 23 22 20 18 16 16 18 14 9 7
29 28 33 32 28 27 26 26 22 11 27 31 31 31 29 30 30 30 30 31 31 32 34 33 36 32 33 30 30 32 30 33 33 34 34 36 36 34 34 33 32 27 13 8 8 7 6 9 28 28 16 11 29 33 33 33 36 37 35 31 28 31 34 30 34 33 32 31 31 26 23 22 21 19 19 18 13 5 1 1
29 29 32 30 30 26 14 3 11 30 30 32 32 34 30 30 29 31 30 30 32 33 34 33 34 33 31 31 30 31 30 32 33 33 32 32 33 35 35 32 32 31 28 12 8 7 6 11 31 25 19 25 33 33 36 34 34 36 36 34 29 32 34 28 33 34 35 34 29 26 23 23 21 15 15 12 1 1 1 1
29 31 30 28 30 26 2 5 26 30 30 30 29 32 28 30 31 33 32 31 33 34 34 31 31 31 29 29 30 31 29 28 31 32 34 35 32 34 35 34 33 30 30 23 8 8 8 14 25 15 16 24 31 35 36 33 33 33 31 24 30 30 30 26 29 30 31 32 28 26 22 22 18 1 4 1 2 4 5 5
30 29 26 27 29 19 3 13 27 27 28 30 29 29 25 30 33 35 34 33 33 33 30 30 31 29 28 28 31 31 26 20 30 30 34 35 33 32 33 32 35 26 27 24 7 7 7 11 11 7 9 23 28 31 32 31 31 31 30 28 33 28 25 26 25 26 27 28 27 25 21 19 13 1 1 2 8 15 14 10
30 28 22 26 20 3 10 29 29 26 29 31 29 29 30 32 34 35 34 34 34 32 29 29 29 29 28 28 33 31 22 15 27 28 32 33 34 29 30 23 24 24 26 24 7 6 5 3 6 9 11 17 29 30 29 31 29 28 30 31 32 28 24 24 27 28 25 26 24 21 17 12 1 1 3 9 14 28 25 11
29 28 23 20 12 11 27 30 29 28 29 27 27 29 32 32 35 34 34 34 33 31 31 28 30 32 29 29 30 28 20 20 26 27 30 31 33 32 26 12 15 31 30 24 5 4 3 6 10 10 11 17 32 31 31 30 30 28 27 27 29 28 27 25 35 35 24 23 20 16 8 1 2 4 10 14 23 34 30 11
29 28 23 9 25 28 28 29 27 27 29 29 29 28 30 31 31 34 33 33 32 30 28 22 23 28 29 29 28 27 28 29 27 31 28 28 34 33 30 30 31 23 27 19 3 3 5 12 14 13 13 24 37 34 31 29 27 28 30 29 28 33 27 21 33 34 24 21 18 13 1 2 4 8 13 19 35 33 25 12
25 24 15 11 27 29 28 30 26 28 28 28 28 29 28 31 29 33 30 30 32 29 25 10 7 21 25 27 27 29 31 30 29 32 27 27 33 33 33 31 21 10 21 15 5 9 9 13 15 13 15 25 36 34 32 32 28 28 27 22 21 24 23 21 24 26 24 23 17 10 1 4 8 9 12 19 31 29 18 17
13 12 5 26 28 28 30 30 27 27 27 28 28 28 30 29 25 24 22 27 34 29 26 17 9 8 15 25 26 30 30 29 27 24 26 22 26 26 27 24 9 8 17 15 8 11 13 13 15 14 16 18 28 28 30 33 29 25 23 24 22 23 24 23 21 24 32 29 15 1 2 3 8 8 7 11 16 16 16 27
2 2 11 26 29 29 31 28 28 26 27 27 26 27 29 28 17 6 8 23 26 22 20 16 21 14 15 28 29 28 29 26 20 12 24 19 7 6 32 32 22 13 19 17 10 12 13 13 13 13 15 11 12 22 30 32 29 24 22 30 30 25 24 22 21 23 28 25 9 3 8 8 8 8 6 9 11 12 14 27
7 11 21 24 29 30 30 27 28 27 27 28 28 30 30 26 6 6 6 9 2 1 5 6 11 10 15 18 19 19 20 15 3 8 28 29 16 7 31 33 29 13 16 15 12 18 17 12 12 12 11 11 15 30 31 32 33 26 28 32 31 25 24 20 19 20 21 18 4 8 10 10 13 9 6 7 8 8 10 27
26 29 24 26 28 29 28 29 28 28 27 27 28 30 28 22 7 7 11 10 2 9 10 8 5 3 9 9 5 9 7 2 2 5 24 32 28 12 25 31 33 24 11 13 21 34 29 13 13 12 11 16 28 30 31 32 33 32 32 26 25 25 24 19 19 19 18 14 7 10 15 17 17 12 8 12 12 7 9 25
28 29 27 29 27 28 28 27 28 26 23 28 28 27 21 6 6 11 24 26 13 35 29 13 11 3 2 3 10 26 28 10 11 12 11 25 23 12 22 26 32 32 26 23 36 37 31 16 15 11 10 13 29 30 28 32 27 31 30 24 24 22 21 16 15 13 10 5 11 15 23 34 29 20 17 24 26 14 15 24
23 31 33 29 26 26 26 22 27 23 22 29 30 29 23 5 8 20 31 34 34 38 32 18 10 6 5 12 24 27 30 31 32 27 9 9 9 10 10 17 32 34 32 34 37 37 34 30 28 14 14 13 25 30 32 36 34 34 31 21 19 19 17 11 6 1 4 13 13 17 28 34 30 26 26 28 29 28 26 26
15 31 35 35 34 31 28 26 30 24 26 34 33 32 29 6 17 25 34 35 36 36 34 29 7 11 14 29 32 28 26 32 30 24 8 9 10 10 13 29 36 34 33 37 38 36 35 34 34 27 31 29 24 28 28 33 31 33 35 31 21 24 26 16 8 2 7 8 11 17 32 32 27 28 28 26 28 29 28 26
33 35 36 35 35 33 24 20 24 26 30 30 27 24 22 7 9 23 37 32 33 27 33 28 9 30 31 31 35 35 26 32 32 24 8 9 9 9 13 27 34 33 33 37 37 34 35 32 33 31 36 33 25 28 29 35 33 35 32 34 29 29 36 28 5 8 9 11 16 27 38 36 29 23 26 26 27 29 28 26
35 36 36 35 34 24 6 7 10 28 32 24 19 11 9 13 13 17 30 34 33 33 36 32 15 33 37 33 32 31 29 32 27 20 12 8 8 8 11 25 25 31 32 33 35 35 36 27 29 35 36 35 29 32 31 37 36 37 33 35 32 30 32 22 8 9 10 13 17 28 38 36 25 23 26 27 27 28 28 25
36 37 37 36 29 7 6 8 10 21 23 6 9 26 16 31 33 33 34 34 32 33 38 41 35 36 37 30 30 27 27 32 30 29 26 14 13 14 15 22 23 35 33 33 34 35 36 29 30 31 36 38 34 37 31 36 39 35 35 37 36 32 19 2 8 9 9 14 16 17 29 28 22 23 25 27 27 27 26 26
34 35 33 26 18 7 5 7 7 6 7 7 13 27 25 31 33 33 34 32 33 31 34 29 38 38 35 31 31 30 31 33 32 33 31 32 32 31 32 30 31 35 37 34 36 36 35 34 33 25 35 37 37 37 36 36 36 31 29 33 34 31 16 5 9 9 6 11 14 13 20 22 22 22 23 24 27 28 28 27
33 30 27 23 9 9 7 7 6 6 7 7 10 13 15 29 31 34 34 33 35 33 31 29 35 35 35 36 35 33 31 33 32 32 33 32 32 33 32 33 32 31 37 37 37 35 34 38 37 32 34 33 32 36 36 34 29 25 28 33 30 21 6 8 13 13 9 10 10 13 15 23 24 25 24 22 25 27 30 28
30 31 32 28 11 15 10 6 6 6 7 7 7 9 16 27 30 34 33 34 33 33 33 34 35 36 38 38 36 35 32 32 31 31 31 31 32 32 31 32 32 32 35 35 33 33 33 37 36 35 36 35 32 35 31 37 26 28 28 26 23 11 2 8 13 11 9 11 12 15 16 22 25 27 25 24 25 26 28 28
32 34 32 26 10 13 10 6 7 7 7 7 6 9 30 30 31 34 30 32 28 32 33 32 35 36 36 37 38 37 33 32 30 30 29 27 28 29 31 33 33 32 32 32 33 33 30 32 34 36 36 37 37 33 28 34 29 28 26 23 20 9 4 9 10 7 9 11 17 21 24 25 31 29 28 27 27 28 26 28
35 40 37 20 7 7 7 7 7 6 7 7 10 15 32 31 30 34 32 32 28 28 30 34 34 32 28 33 38 36 33 31 29 28 28 27 28 30 32 32 32 33 32 33 35 34 31 33 34 35 33 36 34 32 26 24 26 22 22 18 13 4 7 11 16 15 9 11 28 25 26 26 30 29 28 27 26 28 28 31
