input/20181/1/tree-height.asc
NCOLS 80 
NROWS 80 
XLLCORNER 445742.412540805 
YLLCORNER 5380997.45755278 
CELLSIZE 5 
NODATA_value -3.4e+38 
18.000000000000000 22 23 24 25 25 29 29 27 28 22 19 12 25 27 23 16 27 32 24 23 25 26 34 34 32 32 22 24 31 32 29 32 32 30 31 32 29 28 28 25 24 24 20 17 13 4 6 8 8 9 8 9 9 9 8 5 4 5 3 4 10 12 9 7 6 7 10 11 14 15 14 11 13 13 12 6 5 9 8
17 21 22 23 25 22 26 27 26 26 24 25 26 27 27 18 17 25 32 29 30 30 28 34 33 32 33 31 28 38 37 29 35 32 34 33 31 28 30 29 29 25 24 15 11 8 7 5 7 9 9 9 10 9 5 7 6 6 7 4 6 18 21 9 7 6 6 12 15 24 27 24 9 11 10 10 3 6 15 17
18 22 23 24 26 23 24 22 24 24 27 26 26 28 24 9 20 25 33 35 33 32 32 36 35 32 31 34 34 37 36 29 32 33 34 33 30 28 29 28 27 25 19 9 10 6 6 6 6 8 9 11 11 9 8 6 6 7 7 5 8 17 19 8 6 5 5 10 13 20 23 20 9 10 8 10 8 11 13 17
21 24 25 24 24 24 25 23 24 25 27 27 26 29 22 7 16 26 32 35 35 35 37 35 36 35 32 33 33 30 29 28 29 32 31 31 30 25 29 28 22 17 9 6 6 5 7 8 7 8 10 10 9 8 8 7 7 7 6 6 7 7 7 6 5 5 4 5 7 9 10 9 9 11 10 11 12 12 12 13
23 23 22 24 24 25 26 24 25 25 26 27 28 25 18 4 7 30 32 30 30 34 35 32 36 37 35 38 33 30 35 32 31 31 30 30 28 21 30 30 23 11 8 8 7 7 8 8 9 9 10 9 8 7 8 7 6 6 4 6 7 7 6 4 4 5 3 2 4 8 10 9 9 10 10 10 12 13 13 13
23 22 23 23 25 24 22 24 25 26 26 28 28 26 17 4 13 32 33 30 29 29 31 31 33 35 37 36 34 33 35 34 34 32 29 30 26 13 26 27 19 11 7 9 12 11 8 9 11 12 11 9 8 9 8 6 5 6 2 4 5 6 6 5 4 5 5 4 3 9 11 7 6 7 7 6 7 9 9 9
23 23 24 22 23 23 22 25 26 27 27 28 26 24 17 6 31 32 33 35 34 31 36 36 33 38 37 34 33 32 34 34 36 34 29 29 21 14 21 21 13 11 11 10 21 22 11 11 12 12 12 11 9 9 7 5 2 2 2 4 5 5 6 13 13 16 14 13 8 24 23 12 1 1 2 2 2 4 5 6
24 24 24 24 25 24 24 25 27 27 27 27 27 26 15 6 31 32 29 30 36 33 37 37 36 37 36 38 37 34 34 32 32 32 30 28 16 17 24 25 19 13 12 11 24 24 16 12 11 10 11 10 7 6 5 3 6 6 6 13 15 15 16 19 19 20 19 19 15 31 31 24 9 8 8 6 6 12 15 14
21 24 24 24 25 24 24 25 27 27 27 26 29 28 14 9 31 31 27 29 35 35 37 35 39 35 32 35 36 36 33 30 28 27 27 26 24 29 26 28 24 19 10 10 22 18 7 8 8 8 7 6 5 7 7 7 19 20 17 18 19 18 17 21 22 23 23 19 20 30 28 26 27 25 22 14 13 12 15 14
22 22 22 21 22 24 22 23 25 26 26 26 26 25 13 20 33 33 28 33 32 34 37 38 39 35 32 28 35 36 30 28 27 27 26 26 32 32 26 29 25 18 10 12 23 19 3 5 5 5 4 11 13 25 23 17 22 22 21 21 20 20 18 22 25 25 23 20 21 26 22 24 27 27 25 14 15 15 16 13
25 25 23 22 21 24 22 22 25 26 24 28 29 26 11 27 37 36 31 37 39 36 36 36 36 34 31 28 35 37 30 28 26 26 26 23 29 29 22 23 17 14 7 9 20 19 10 19 18 16 12 23 22 24 23 23 23 23 22 21 21 20 19 21 24 24 22 22 23 23 23 24 26 27 27 15 14 15 16 15
25 27 25 22 22 22 23 23 24 27 29 27 24 19 11 28 34 35 33 32 41 40 39 35 34 36 32 30 33 34 29 21 22 26 25 17 21 20 18 13 9 10 10 12 20 21 21 21 22 22 23 28 25 23 21 24 23 21 21 20 21 19 20 21 22 23 24 23 25 27 24 24 25 27 32 29 16 15 16 15
24 23 22 24 25 23 25 25 28 27 29 27 25 22 17 20 32 35 35 32 34 35 34 31 31 33 30 30 32 31 24 3 12 15 15 18 18 18 20 16 17 17 17 19 19 20 20 21 25 24 24 26 25 26 24 25 23 23 21 20 20 18 20 21 23 21 27 28 25 26 25 25 25 26 30 29 22 15 14 14
23 25 22 24 24 24 25 22 27 25 28 26 31 29 13 8 36 40 43 37 33 32 26 24 28 33 29 25 23 19 16 5 8 18 18 18 16 19 22 20 20 20 20 22 22 21 19 19 23 22 22 21 24 27 22 24 23 25 25 24 23 20 21 21 20 20 25 27 25 24 23 24 27 26 25 23 19 13 11 11
25 25 24 23 23 22 23 22 26 26 27 24 33 28 3 7 37 38 38 33 29 27 23 26 29 30 26 7 2 7 14 16 19 22 22 18 16 18 18 21 21 22 23 21 20 22 22 18 20 19 19 20 20 22 17 23 22 23 25 25 25 24 26 26 22 22 24 23 24 25 27 24 26 26 23 16 12 12 11 13
27 27 27 25 25 22 21 26 29 28 25 27 28 23 3 7 37 37 25 26 28 23 25 26 28 28 24 15 10 18 16 20 22 20 19 17 16 17 18 20 21 20 21 19 19 22 22 19 21 19 15 18 16 14 16 22 23 23 24 26 27 26 27 27 26 28 27 25 26 30 29 25 26 26 24 19 13 9 10 11
23 25 26 25 25 23 25 28 29 26 25 29 28 20 8 5 28 27 14 15 17 23 27 24 22 20 16 17 20 19 21 21 20 19 19 17 19 18 17 20 22 22 20 18 20 23 22 22 22 20 17 18 19 17 16 16 18 21 22 25 27 27 26 26 27 30 29 26 28 30 30 26 27 27 24 26 24 11 11 11
21 26 26 26 26 27 28 29 27 26 29 31 30 29 25 6 2 3 8 9 8 17 22 19 15 13 15 22 19 19 20 20 20 21 20 19 21 20 20 22 25 24 22 20 20 22 21 22 22 21 20 18 18 17 17 17 19 22 23 23 23 24 24 26 26 29 28 27 29 27 27 24 26 28 27 30 29 17 10 9
22 25 25 28 28 29 30 29 29 26 27 29 29 32 31 20 1 2 3 2 2 5 16 17 18 18 16 20 18 17 18 20 21 20 21 21 20 22 22 22 24 24 26 25 23 23 23 23 24 24 23 21 19 18 19 19 22 23 24 24 24 22 20 22 21 21 25 27 30 28 27 28 27 27 26 27 26 15 14 12
23 26 26 28 28 30 29 28 30 28 28 27 27 28 27 16 3 4 5 3 5 12 23 24 17 19 18 16 17 15 18 18 20 20 23 22 22 23 23 23 23 22 24 24 23 23 25 23 24 25 25 24 21 19 20 21 23 24 24 24 26 24 24 23 22 17 21 26 30 32 31 30 29 28 29 25 25 23 21 12
27 26 26 28 29 29 26 29 29 29 29 31 24 23 18 8 6 12 11 10 14 22 25 27 25 21 17 18 19 17 16 17 16 18 23 23 23 24 25 24 23 24 22 21 22 22 25 24 27 27 24 22 20 20 20 22 23 24 23 24 25 25 24 22 22 21 20 22 27 32 31 29 29 28 27 22 21 23 21 13
25 25 28 28 30 30 28 30 28 28 26 27 24 23 22 22 16 32 29 25 24 27 29 26 25 21 18 17 22 21 16 17 18 20 22 24 24 26 26 26 26 25 24 22 23 21 24 25 27 26 23 22 22 20 21 21 24 24 23 23 23 25 24 24 25 25 22 23 23 25 29 33 30 28 22 20 14 18 17 15
18 26 29 29 30 28 28 28 26 24 27 27 24 26 26 27 31 31 31 28 27 28 28 25 24 21 21 19 20 21 20 17 18 21 21 23 24 24 23 23 25 24 24 23 23 22 23 26 26 26 23 20 21 21 23 22 25 26 27 25 24 23 24 25 28 28 26 24 23 21 27 30 24 21 13 13 12 14 13 15
18 25 30 29 29 30 31 33 29 27 30 27 25 29 27 29 30 29 26 28 28 27 25 22 21 19 22 18 19 21 20 18 19 20 22 22 23 23 21 21 22 21 21 22 23 24 24 26 25 25 23 21 21 21 22 22 26 26 27 27 25 23 25 25 27 29 25 23 22 24 24 22 21 15 13 13 13 14 13 14
19 20 28 33 30 32 35 33 34 37 35 27 25 29 27 28 33 31 26 28 28 26 23 21 19 17 20 19 20 20 21 21 20 21 22 21 21 23 22 23 21 16 19 23 24 25 26 26 26 25 22 21 22 22 22 23 26 27 28 27 26 26 26 26 27 28 25 27 26 26 26 27 22 16 13 14 13 12 13 14
5 19 31 33 32 39 39 32 34 38 36 30 30 29 29 27 29 27 27 26 25 23 19 20 17 18 19 19 21 21 21 23 21 21 21 20 20 23 23 24 24 21 21 22 23 25 27 27 29 26 23 24 22 23 24 25 28 33 28 26 27 25 25 28 25 29 31 31 26 28 30 30 27 23 16 13 12 13 15 15
7 24 36 35 32 38 39 31 34 36 33 30 28 25 28 28 29 27 26 24 21 22 19 19 19 18 18 19 20 21 22 22 22 22 23 22 23 25 23 24 26 27 25 24 25 23 26 27 28 25 25 23 24 24 27 27 26 27 31 26 26 27 28 28 26 30 30 31 30 30 29 30 31 30 27 16 12 14 15 16
11 25 34 34 31 35 36 30 34 35 31 32 24 26 28 29 27 26 25 22 20 23 23 21 19 17 20 20 20 23 23 23 23 25 23 23 25 27 26 28 24 27 28 26 27 26 26 25 27 24 26 24 26 25 27 26 22 24 28 27 27 25 28 28 30 29 29 29 29 30 26 31 34 33 33 28 9 13 13 13
26 24 27 31 33 34 30 31 32 28 33 32 25 27 27 25 24 23 23 25 20 23 25 24 20 20 21 22 23 24 24 25 24 24 23 24 29 30 27 25 22 26 27 28 26 26 25 24 24 22 24 23 26 26 27 26 21 16 16 25 26 26 26 28 30 30 30 26 18 21 20 25 29 32 31 22 3 8 8 8
28 27 23 27 31 31 31 31 31 28 32 27 28 29 25 22 24 22 26 26 20 22 23 23 22 22 23 23 25 26 23 24 22 23 24 25 29 31 27 26 24 22 25 28 26 25 23 23 23 23 23 24 27 27 24 25 21 12 9 21 24 24 24 27 27 27 27 23 11 10 4 12 17 27 18 5 8 7 2 1
28 29 29 26 32 30 30 33 33 26 26 30 29 30 26 24 23 23 25 26 20 20 21 22 21 23 24 24 24 27 27 24 22 22 22 27 29 31 29 28 27 24 24 28 28 26 23 22 23 27 27 24 25 24 22 22 22 19 24 25 25 25 23 25 24 24 23 23 18 18 12 17 25 22 10 20 29 25 4 2
29 29 28 22 28 31 27 31 31 30 26 29 31 30 29 25 24 23 22 25 21 21 23 24 22 22 23 25 24 27 27 26 26 24 22 31 30 32 31 29 29 29 26 27 26 25 28 25 24 24 24 20 21 17 24 24 23 26 25 28 27 25 24 27 25 23 23 23 21 22 26 24 25 26 27 28 32 29 18 8
30 29 27 24 22 25 26 33 33 33 31 28 32 32 30 26 26 23 23 23 23 22 24 24 23 22 23 25 25 27 28 26 25 24 22 32 31 31 30 29 32 29 27 26 23 25 28 26 21 14 17 15 19 20 23 23 23 25 25 26 26 25 24 26 25 23 22 22 22 23 25 24 26 26 29 31 31 29 29 26
31 28 27 22 21 20 27 33 31 34 35 29 29 30 29 27 25 24 24 22 23 23 23 23 24 24 24 29 29 26 27 26 24 24 24 28 29 31 30 33 31 28 29 26 23 26 23 22 17 12 13 18 22 20 21 23 23 23 23 23 24 24 24 25 25 23 21 23 23 22 21 25 26 26 28 32 30 27 29 28
30 30 30 29 27 23 20 28 31 33 30 28 29 31 30 29 26 29 26 23 24 24 22 23 24 24 25 28 28 24 25 27 25 26 27 27 27 31 30 32 28 22 30 25 17 23 22 21 19 20 18 19 22 21 20 22 22 24 23 23 23 22 23 23 23 23 22 25 26 23 21 24 27 29 30 31 31 27 27 27
28 31 30 31 30 24 13 19 29 32 25 32 34 35 32 30 28 26 27 25 23 23 22 20 25 25 24 24 26 23 28 30 28 27 28 27 30 30 32 30 19 5 20 18 14 20 27 26 23 22 20 20 21 23 22 21 21 22 23 25 25 22 23 21 20 22 22 22 22 21 21 26 27 28 28 27 24 18 21 26
29 32 31 33 33 33 28 17 28 25 16 35 35 35 33 30 26 26 27 26 26 25 25 23 29 30 27 27 28 27 29 30 28 28 29 25 25 28 30 25 13 3 6 14 24 26 28 24 22 21 19 20 21 21 20 19 18 19 21 24 24 20 22 20 18 21 20 20 22 22 21 27 28 29 29 26 21 19 21 24
29 35 35 34 34 33 32 27 26 13 11 29 31 32 32 29 31 32 30 23 24 27 26 24 28 28 26 29 28 29 29 30 29 29 28 27 28 26 23 16 6 9 19 22 22 26 25 19 23 19 16 19 19 17 16 17 16 19 19 21 21 18 18 20 19 19 22 21 22 23 22 23 27 30 28 25 23 21 26 29
28 35 36 32 31 30 32 28 26 23 25 24 26 31 30 31 33 32 28 25 27 28 25 23 24 23 25 28 28 28 28 27 28 28 27 26 29 27 19 15 20 21 25 23 20 26 24 20 24 21 18 20 21 17 15 15 15 16 16 16 18 18 17 19 19 19 21 22 22 23 23 24 28 29 27 23 29 30 27 29
27 31 34 34 31 30 30 30 28 34 33 25 25 28 29 28 31 30 31 30 29 29 23 24 26 24 24 25 25 26 28 27 28 28 28 24 20 24 19 18 25 28 31 29 23 25 24 24 24 20 17 25 25 16 14 12 14 14 14 13 15 17 18 19 21 20 21 21 22 22 23 24 24 26 25 24 30 30 27 29
33 34 34 32 32 31 30 28 30 35 33 28 30 27 30 31 32 31 33 32 33 31 25 25 24 23 25 28 27 26 28 28 29 30 26 13 10 26 25 26 27 28 29 27 26 24 24 24 23 19 17 23 22 15 13 12 12 14 13 14 16 17 18 19 21 23 20 21 22 24 24 23 24 26 23 25 27 29 28 28
35 34 34 31 31 30 30 27 31 33 33 33 32 31 32 31 31 30 34 31 34 31 28 25 23 24 23 26 27 27 29 27 29 25 19 17 22 28 28 26 27 27 26 26 25 23 19 20 19 15 15 16 14 13 12 12 13 13 14 14 16 18 18 19 20 22 21 21 22 23 23 23 27 28 27 31 26 27 28 27
33 32 31 33 32 29 27 26 30 31 32 32 31 29 30 26 28 28 30 31 34 32 31 27 25 27 25 23 28 26 29 23 18 19 20 26 25 26 25 24 23 26 31 31 26 27 25 18 15 12 16 17 15 14 12 12 15 14 15 16 16 17 17 20 21 21 22 21 21 21 22 22 23 25 27 29 26 26 27 27
29 29 29 33 31 29 27 31 33 29 30 31 32 28 29 24 26 27 33 32 32 34 31 30 29 30 28 25 26 21 26 16 3 13 24 26 26 27 22 21 17 22 29 29 26 25 26 22 15 16 16 17 15 14 14 15 15 15 14 17 17 19 19 21 21 21 20 20 21 20 20 23 22 25 26 26 27 26 26 30
29 26 30 31 29 26 30 32 31 28 30 31 32 29 28 25 26 27 32 31 32 34 30 31 30 31 30 26 26 21 15 3 11 24 28 27 27 26 17 18 17 17 24 27 27 22 19 12 12 16 16 15 14 13 13 12 14 15 15 18 18 18 19 20 20 21 21 20 23 21 20 22 21 25 25 25 26 26 25 27
31 28 28 28 30 28 29 28 28 29 29 29 29 27 26 24 28 26 29 28 31 31 28 28 27 30 30 30 26 19 2 6 27 27 29 29 28 27 23 25 21 17 21 23 26 19 12 11 11 13 15 15 14 15 18 18 16 15 17 18 19 19 20 21 22 21 20 18 21 23 21 21 20 24 26 27 26 25 24 24
29 28 29 31 31 29 27 23 31 31 27 27 27 25 23 26 26 21 27 29 28 31 28 29 32 33 30 29 28 22 4 14 28 27 28 28 32 32 32 23 18 13 16 18 22 21 13 14 15 15 17 16 16 16 17 18 17 19 17 19 21 20 21 21 20 20 20 19 20 20 23 23 24 25 25 26 24 23 20 20
27 27 28 30 30 30 25 27 28 27 27 29 30 26 25 26 25 23 27 27 27 32 32 29 31 32 30 28 29 24 11 28 30 27 25 24 30 30 30 24 12 8 21 22 24 23 19 22 23 21 18 18 18 20 18 21 20 20 18 19 21 20 20 19 18 19 19 19 19 20 23 22 22 22 22 23 22 23 20 22
31 28 29 27 28 29 28 28 25 21 25 29 30 27 26 25 24 25 26 27 26 29 31 27 29 30 30 26 19 20 16 27 29 26 20 25 23 24 28 23 12 8 19 22 26 25 21 23 26 25 20 20 20 20 20 21 21 18 18 18 19 18 17 18 19 19 20 20 20 20 22 22 22 24 24 25 24 23 19 23
31 28 28 29 32 31 28 26 22 24 24 27 30 29 26 28 27 25 27 29 27 26 29 28 29 28 27 19 9 19 23 25 25 28 28 29 24 17 17 15 12 13 15 19 28 30 26 20 27 24 19 19 21 20 19 19 20 19 19 18 18 17 16 16 19 19 21 21 21 21 23 21 22 24 25 26 24 19 15 25
31 30 29 29 31 29 29 22 22 27 27 29 30 28 26 27 28 25 28 31 30 30 29 30 29 16 13 6 23 25 28 27 25 26 28 29 29 19 12 13 13 14 15 15 23 27 24 16 23 24 19 20 21 21 20 19 19 19 19 18 16 16 16 17 18 19 19 19 22 22 24 22 25 25 24 25 25 23 21 26
32 30 28 28 30 30 29 20 25 30 28 29 29 26 26 27 26 25 27 26 21 22 18 21 18 3 4 14 27 26 27 29 25 19 26 28 27 22 11 13 13 13 13 19 16 20 22 14 17 22 19 20 22 22 20 17 18 18 20 19 16 15 16 18 17 21 18 20 22 22 23 22 25 26 24 23 26 25 22 24
36 31 29 29 30 28 28 20 26 31 29 29 30 30 32 31 25 26 26 20 11 21 8 3 4 7 10 22 31 33 31 33 28 16 22 27 27 24 15 12 12 15 13 27 28 26 24 21 22 27 23 20 20 21 18 17 20 20 21 16 18 17 18 18 18 19 17 19 20 21 22 21 22 23 19 20 18 15 12 10
33 31 31 29 28 26 29 24 28 31 31 30 31 32 30 31 30 31 31 29 24 28 24 1 4 18 25 22 27 31 30 31 28 26 26 28 28 27 24 11 11 17 18 29 29 27 30 28 21 21 17 19 20 18 17 16 18 18 17 12 15 14 14 15 16 15 13 17 16 17 17 15 17 13 6 5 5 4 2 2
35 32 32 33 31 27 31 28 29 27 31 31 30 29 31 30 33 34 33 30 24 26 23 7 10 22 24 21 23 27 27 27 28 29 27 28 27 28 24 12 13 27 29 30 30 27 29 26 15 7 13 14 16 16 14 13 13 10 7 10 8 5 8 11 14 14 8 11 10 9 10 9 8 5 4 3 2 2 2 2
33 32 31 35 34 29 26 23 25 27 30 29 30 32 31 29 34 34 34 31 27 25 25 24 25 24 23 23 25 27 29 26 26 29 28 29 28 24 19 14 19 29 30 29 27 27 27 23 14 3 7 8 10 12 10 7 7 5 9 12 12 12 12 13 15 16 14 13 12 14 15 14 13 10 7 6 4 4 5 5
33 32 32 34 35 32 31 27 25 27 28 28 30 33 34 31 31 26 33 33 32 29 29 28 25 24 25 24 27 28 30 26 24 27 28 29 26 25 15 17 25 28 28 26 20 24 23 15 8 9 14 13 13 12 14 13 11 9 11 11 12 12 13 14 14 16 17 15 16 15 14 15 14 9 6 6 7 6 6 4
32 30 30 29 32 31 31 31 31 26 28 30 30 30 34 31 29 24 29 25 27 31 31 26 24 24 23 21 25 26 28 27 28 30 28 29 28 26 25 24 20 27 25 18 10 18 19 11 12 14 14 14 12 13 15 14 12 11 10 10 10 12 13 15 14 17 17 16 16 16 13 12 13 7 9 10 12 9 4 2
32 30 31 30 30 29 27 28 29 26 28 28 29 31 35 33 31 24 23 18 28 30 29 23 26 24 22 24 22 22 26 30 29 29 27 27 29 29 24 23 12 18 18 13 10 15 25 27 22 23 14 14 15 14 17 16 14 13 12 12 10 13 15 14 14 17 18 18 17 16 13 13 20 20 22 19 14 7 3 4
30 31 34 32 29 29 30 30 27 26 28 27 28 30 35 33 30 18 19 26 30 27 28 26 26 25 22 26 26 21 23 27 29 29 27 27 28 26 18 15 9 4 11 29 27 24 26 27 25 26 22 16 17 17 18 15 14 14 13 12 11 12 14 14 15 17 18 16 16 17 20 24 21 22 23 23 19 5 4 6
28 31 30 31 28 28 26 29 27 26 28 23 27 32 33 31 25 4 6 30 30 26 27 26 25 25 21 24 26 24 22 25 29 28 26 25 25 19 14 8 8 8 19 27 23 23 26 29 28 25 24 16 18 19 18 15 15 14 13 13 13 14 14 14 15 15 13 10 16 19 22 24 20 23 22 25 23 15 8 8
27 28 31 30 30 29 26 29 29 29 29 25 30 30 31 30 23 14 8 29 29 30 31 23 21 21 22 22 26 25 22 26 27 26 20 19 16 6 6 8 9 11 26 22 6 10 23 31 28 20 21 17 18 17 18 15 15 14 14 14 15 15 16 15 16 16 14 12 18 22 23 24 20 21 22 22 25 21 14 7
31 31 31 32 31 29 25 29 28 29 29 27 29 31 31 30 26 19 17 29 30 30 29 26 24 21 22 24 24 24 20 22 22 18 10 10 8 12 11 12 9 12 20 22 11 8 17 24 23 17 17 18 17 16 14 15 15 15 14 14 16 15 14 16 20 20 19 18 22 23 25 20 22 23 23 24 20 15 4 6
33 32 31 31 30 24 27 26 29 30 29 28 28 30 30 28 23 16 21 32 30 29 26 27 25 24 23 26 25 23 18 13 12 10 22 21 14 25 26 27 12 11 14 31 26 7 12 16 16 18 16 19 17 15 12 13 14 14 16 15 15 13 12 18 20 21 21 20 23 23 26 23 22 24 24 23 18 12 3 9
32 30 28 21 17 14 23 28 30 30 31 30 34 33 30 28 16 5 23 31 27 28 27 24 25 24 24 25 23 20 12 16 14 11 27 26 26 26 21 24 20 10 13 25 22 7 13 15 18 17 16 17 18 15 12 11 13 13 14 13 13 11 16 19 21 23 23 19 21 22 26 25 20 22 24 22 15 6 6 24
26 26 25 16 6 6 9 22 23 26 30 28 31 30 31 26 8 5 26 31 29 28 28 25 26 24 25 23 18 13 8 31 27 11 23 25 27 25 12 14 12 10 15 8 9 9 10 13 18 18 17 15 15 15 14 15 12 13 11 8 11 12 18 19 22 24 24 21 23 23 24 24 21 21 23 23 21 17 11 23
25 29 30 25 20 21 20 18 7 13 22 19 19 22 29 22 4 5 25 30 30 29 29 29 29 31 27 22 13 6 12 30 27 18 13 20 23 20 17 28 27 16 27 12 10 11 10 11 15 21 23 21 17 15 14 15 12 11 7 11 14 15 22 21 21 22 23 24 24 22 23 23 20 19 21 22 20 18 20 22
25 30 28 26 26 28 25 26 17 4 2 2 4 18 30 28 9 5 29 32 31 27 27 27 28 28 24 17 10 10 22 28 26 15 12 12 17 18 25 22 24 28 28 20 8 7 7 9 15 18 23 26 22 15 13 13 11 11 12 12 19 18 20 20 20 20 20 23 23 21 23 22 21 21 21 21 20 23 23 21
28 32 30 30 29 29 28 28 22 12 8 6 4 6 23 21 6 5 25 29 27 23 23 21 21 17 19 15 17 17 15 26 24 13 13 16 20 29 27 19 20 23 20 7 7 6 7 6 8 15 25 23 16 11 11 10 14 12 12 16 21 20 20 19 18 20 21 21 22 22 22 22 22 23 22 22 21 21 20 19
25 30 30 32 32 32 32 30 24 23 27 22 13 3 1 1 1 3 12 15 19 18 17 18 19 19 18 21 21 21 22 26 22 14 15 25 26 26 21 10 13 14 11 10 7 7 8 7 10 12 18 16 7 7 11 13 13 12 14 20 23 21 21 22 21 20 20 19 20 20 21 21 23 22 20 21 21 17 18 20
26 26 29 28 32 30 29 28 24 26 27 26 20 13 4 2 1 2 2 8 22 24 23 22 24 23 21 22 21 20 22 24 20 14 12 12 13 17 13 16 21 24 24 18 7 9 11 11 11 12 9 8 6 10 14 16 16 18 19 22 23 20 20 22 21 20 21 20 19 19 22 21 22 22 20 21 21 19 20 24
26 24 23 30 32 29 25 24 23 25 23 22 23 22 17 8 6 7 9 21 23 24 24 22 24 22 24 22 20 20 22 26 23 19 11 17 19 29 28 30 26 29 29 23 13 12 12 13 11 11 11 11 12 22 23 21 20 23 22 22 21 20 20 21 20 19 19 19 18 19 20 20 20 20 18 20 23 21 22 23
27 27 22 30 30 27 25 24 25 25 25 23 24 24 23 20 16 19 20 22 22 22 22 21 23 22 22 23 20 20 21 25 25 21 17 29 32 30 30 29 27 31 31 34 27 21 9 11 11 13 21 19 14 22 23 21 19 18 22 23 20 20 20 20 19 18 16 19 19 19 19 18 18 19 17 22 25 24 23 24
27 26 22 28 28 27 27 26 27 27 25 23 23 25 23 21 18 20 20 21 20 23 22 21 22 21 19 20 20 22 19 23 22 22 31 34 32 29 29 29 28 30 30 31 26 20 9 12 19 21 21 21 17 20 24 21 16 18 22 20 18 18 18 17 18 19 17 19 21 19 17 16 17 17 19 20 23 23 23 23
24 23 22 29 29 29 27 25 26 27 28 26 22 23 22 22 18 21 20 21 21 24 20 19 20 20 17 20 21 18 19 21 18 26 31 31 27 27 26 27 29 24 22 20 24 20 12 11 18 21 21 22 23 22 24 21 15 16 19 18 15 16 18 16 16 19 18 19 20 18 16 21 20 19 21 21 22 21 21 22
26 22 24 28 29 30 30 26 27 28 30 27 24 22 22 23 20 20 23 22 21 20 19 16 18 20 19 19 20 18 20 19 20 27 30 25 23 25 24 28 28 24 20 12 23 24 22 15 20 24 25 25 23 23 21 18 14 16 19 19 20 19 19 18 17 18 19 18 16 16 17 20 19 20 19 19 21 21 22 24
24 21 26 26 31 31 31 28 26 25 28 26 25 23 21 22 20 20 23 23 21 18 17 18 19 18 17 17 18 21 20 18 20 24 29 25 21 23 24 29 29 25 21 18 23 24 23 24 22 22 24 23 24 23 22 18 18 21 19 18 21 20 17 16 12 15 18 17 14 17 18 20 18 20 19 19 20 23 23 22
25 23 26 26 31 32 31 30 28 24 25 24 24 22 22 20 20 21 23 24 21 20 18 18 18 17 17 18 20 21 22 22 24 23 22 26 22 21 26 25 24 23 19 19 21 22 23 27 25 21 22 22 24 23 22 18 20 20 18 19 20 20 13 14 6 12 15 16 18 18 18 21 22 21 19 20 21 23 21 19
25 25 27 28 27 30 30 32 32 25 28 26 23 21 22 22 23 24 24 23 21 19 16 16 18 19 18 20 23 21 24 24 28 25 23 27 26 28 28 18 9 21 22 25 20 22 26 26 24 19 20 20 23 22 21 20 20 17 17 21 22 19 11 18 15 11 13 16 19 19 20 20 20 20 20 21 23 21 22 22
27 26 29 28 27 30 29 32 31 25 27 27 23 21 22 22 21 22 25 23 18 17 16 16 17 18 19 18 20 23 25 25 28 24 20 23 24 27 26 13 13 20 21 23 20 22 25 26 20 17 18 19 22 22 21 17 19 19 18 21 19 14 19 17 16 10 12 16 18 20 19 20 19 23 22 21 22 17 20 18
