input/20181/14/tree-height.asc
NCOLS 80 
NROWS 80 
XLLCORNER 449107.412540805 
YLLCORNER 5377577.45755278 
CELLSIZE 5 
NODATA_value -3.4e+38 
19.000000000000000 22 21 22 20 21 21 23 21 20 22 22 24 24 23 23 21 22 31 22 14 14 19 23 26 26 27 24 16 20 20 19 23 22 22 22 23 26 25 21 25 22 22 22 24 24 23 23 17 16 16 17 18 15 16 14 11 10 10 8 8 7 10 12 11 10 9 10 9 6 6 6 5 3 3 6 5 7 6 5
19 23 22 22 21 19 20 22 21 21 21 21 23 30 30 27 21 24 29 21 21 18 20 25 31 29 25 22 17 11 13 14 19 19 21 23 22 27 26 24 22 19 21 21 22 21 21 20 13 12 15 15 15 16 17 17 13 12 10 10 9 9 8 9 9 8 8 9 10 8 6 5 5 3 4 5 7 12 10 8
18 19 22 23 23 21 19 19 21 24 21 19 22 29 30 27 22 23 21 13 19 20 23 25 29 30 27 21 21 18 23 18 13 12 17 18 16 24 24 21 21 20 20 23 23 21 20 16 13 12 14 13 14 14 15 16 13 11 9 11 9 5 5 7 7 7 6 9 8 6 5 6 5 4 4 4 6 11 9 9
15 22 23 23 22 22 21 22 22 22 22 19 21 23 23 22 23 21 19 17 16 22 27 27 25 31 30 23 23 19 24 19 18 14 15 11 9 15 20 21 21 21 21 22 21 18 20 14 15 15 14 14 12 9 10 13 15 11 10 10 7 5 5 6 5 5 5 8 8 5 6 5 5 5 6 6 7 8 6 7
14 22 23 21 21 22 20 20 16 20 20 20 20 21 20 20 23 24 23 19 19 26 26 27 26 26 25 22 21 19 22 22 22 21 20 15 5 6 20 20 17 21 23 24 19 16 17 13 15 15 14 14 12 11 11 11 11 10 11 9 6 6 4 4 4 4 4 4 4 5 5 5 5 5 7 8 10 7 6 6
18 20 20 19 20 21 21 21 18 22 22 21 19 21 20 20 24 24 23 21 19 24 25 30 30 23 19 24 22 21 27 29 26 22 23 21 15 16 16 15 16 19 24 27 14 9 9 13 13 13 15 15 14 13 13 10 8 7 8 9 7 7 6 6 6 5 5 4 4 5 6 6 6 5 8 12 20 5 5 7
20 18 18 18 21 21 21 22 24 22 21 22 20 21 21 21 23 22 20 23 26 29 27 28 29 23 21 24 23 22 26 27 25 23 24 22 20 23 23 18 17 9 21 21 6 4 7 14 16 19 19 16 13 15 16 14 14 11 6 10 10 9 6 6 6 6 5 3 4 4 5 6 5 5 5 7 17 5 5 7
21 20 18 15 20 19 20 22 23 20 17 21 20 21 21 22 20 20 19 24 26 25 24 22 22 20 21 22 20 22 20 19 20 22 22 19 22 22 23 23 21 8 11 9 3 3 11 17 19 19 19 18 13 17 20 17 14 12 14 11 10 9 7 7 7 6 4 3 5 5 6 6 6 6 6 5 8 9 6 6
18 19 18 15 20 18 18 22 23 21 18 19 18 19 19 22 18 16 20 24 24 25 22 21 19 18 20 20 20 21 19 17 19 20 20 21 21 23 23 23 19 13 13 9 10 7 11 15 15 14 12 15 12 14 15 11 11 12 15 14 12 10 9 7 8 5 4 4 5 5 6 6 7 6 7 6 6 8 8 8
20 19 19 19 18 18 20 21 22 20 21 17 17 20 21 22 18 14 24 24 23 22 17 23 21 19 24 24 20 21 19 18 20 20 20 22 22 23 24 23 17 14 13 14 25 20 7 6 2 2 2 7 9 7 5 1 2 9 16 19 17 11 9 5 5 5 5 5 5 4 4 5 6 6 6 5 5 6 7 7
21 20 20 18 21 18 18 19 21 20 20 21 17 20 21 21 18 9 24 24 21 18 21 24 22 22 25 23 19 20 19 19 21 21 20 21 22 25 24 23 23 18 15 27 27 18 9 7 2 1 1 2 5 1 0 0 0 3 18 24 23 14 9 4 5 5 5 5 4 5 5 5 5 6 7 6 5 6 5 4
17 20 20 18 19 17 16 20 19 20 20 21 19 19 21 19 17 15 23 22 17 19 27 27 24 24 23 21 18 22 21 20 21 22 19 20 22 21 22 21 22 22 24 25 24 17 19 15 6 1 2 1 1 1 1 0 0 3 16 23 23 16 7 5 6 6 6 6 5 6 7 6 5 5 6 6 4 5 4 4
14 18 18 18 20 20 20 19 18 18 20 19 18 17 18 17 19 15 20 18 12 24 27 24 21 21 22 22 22 23 23 22 22 22 17 16 21 15 18 21 23 25 24 18 18 17 18 15 10 2 1 1 1 1 1 0 1 2 10 17 21 20 6 7 7 7 6 6 5 5 6 5 6 6 5 6 5 5 5 5
17 20 19 19 19 20 19 20 19 18 19 19 18 18 18 16 19 17 16 15 8 24 27 19 18 17 20 21 22 22 22 22 21 21 17 10 17 21 19 20 22 24 22 16 15 16 15 14 9 3 1 1 0 1 1 1 0 1 4 17 21 19 7 8 7 6 6 5 4 5 5 6 6 6 5 5 5 6 7 7
17 20 20 20 22 22 21 21 20 20 21 18 19 21 18 16 15 14 11 18 18 20 25 20 22 22 20 21 22 21 20 22 20 22 19 14 22 25 21 18 17 20 16 13 14 15 15 13 6 8 3 1 1 1 0 1 1 1 1 9 15 13 7 7 5 6 6 5 5 6 4 7 6 6 7 7 6 7 7 7
17 18 20 20 22 24 22 20 19 20 20 16 19 20 18 16 12 7 12 21 22 21 23 23 22 22 20 21 21 19 18 21 21 25 25 14 20 19 18 16 14 17 12 13 15 16 15 12 11 9 5 1 1 1 1 1 0 1 0 1 2 5 6 6 6 5 6 6 5 5 4 6 6 6 8 9 7 7 5 5
18 17 19 17 21 23 21 19 20 22 21 17 17 16 13 14 14 11 17 22 23 22 23 22 22 22 19 19 20 17 17 17 20 24 24 15 21 18 17 13 12 13 10 13 14 14 14 16 15 9 4 1 1 1 1 0 1 1 1 1 2 4 4 6 7 6 4 5 5 4 4 5 6 6 7 9 7 4 4 4
18 14 16 20 21 21 18 17 21 23 22 19 18 16 9 12 25 24 22 21 23 22 21 21 20 21 17 20 17 14 16 17 15 19 21 17 18 17 17 13 11 12 11 13 16 15 17 16 17 15 5 2 1 1 1 0 1 1 2 6 7 6 5 8 11 7 5 5 5 5 4 5 7 7 7 8 7 5 5 5
16 13 20 21 20 23 19 20 22 23 20 13 15 15 16 23 26 24 22 19 21 21 19 19 20 19 18 20 16 12 15 18 18 17 18 18 14 15 15 12 12 14 15 17 17 16 19 17 15 16 17 5 1 0 0 0 1 2 8 24 24 17 8 11 13 10 7 6 6 5 4 4 5 5 7 6 7 6 6 5
10 10 17 19 21 24 22 23 21 16 15 13 17 19 18 21 21 20 19 17 18 19 18 19 20 19 18 18 14 15 17 19 20 19 15 14 12 13 14 12 15 14 16 15 15 15 20 20 19 20 20 15 3 0 1 1 1 4 19 27 28 21 12 11 9 8 6 6 6 5 6 5 4 5 6 7 8 8 7 4
9 10 15 16 16 20 22 21 12 4 13 16 17 19 18 19 18 17 19 18 18 17 19 21 20 20 17 16 13 16 17 18 20 19 15 15 13 14 13 13 14 10 12 10 14 17 21 21 20 21 22 17 7 1 0 1 3 9 19 23 25 18 9 7 8 6 7 6 6 7 6 6 4 4 6 9 8 7 6 5
17 19 17 15 14 13 17 14 1 3 13 16 17 18 20 20 18 18 19 18 18 18 18 17 18 19 17 14 16 16 15 17 16 17 15 13 11 10 10 12 10 14 14 15 14 16 26 23 19 19 20 18 10 2 2 3 9 18 20 19 18 8 9 8 7 5 6 7 6 6 6 5 4 4 5 7 7 5 5 4
23 25 22 21 22 16 8 3 1 2 6 11 13 17 21 21 20 17 18 19 19 16 15 15 15 16 17 15 17 16 15 16 17 17 15 16 10 5 15 17 14 28 26 21 14 19 21 19 13 15 18 15 5 10 11 11 15 18 19 16 10 8 9 7 6 5 6 7 6 6 6 6 5 4 4 3 4 4 6 4
29 27 24 24 25 23 19 10 2 1 1 2 7 10 20 26 24 17 18 19 18 16 16 16 17 19 17 19 19 18 19 20 21 17 17 18 14 11 18 27 28 28 25 19 12 12 8 12 13 15 16 14 8 17 15 19 18 16 15 14 12 5 6 5 7 6 5 6 7 7 6 6 5 4 4 4 4 4 5 4
28 29 31 28 25 25 20 16 9 4 4 2 1 3 15 20 20 14 15 14 14 14 14 14 16 21 20 18 19 18 22 26 22 19 18 20 19 16 15 22 26 25 20 12 8 10 11 15 16 17 20 15 12 18 14 19 16 12 13 12 11 8 7 6 8 7 6 7 8 7 6 6 6 5 6 5 6 4 4 4
28 29 30 27 24 25 26 25 16 15 16 10 5 4 4 8 13 13 7 10 10 12 12 15 15 25 23 17 19 20 19 23 21 19 19 20 19 16 13 18 24 19 13 13 10 10 11 16 20 25 28 12 16 15 11 15 14 10 9 9 10 11 10 8 8 8 7 6 8 9 6 6 6 6 6 5 6 6 5 5
25 30 29 23 22 22 26 25 20 24 21 20 21 13 15 23 23 20 6 12 6 4 10 14 16 23 23 22 23 24 21 17 18 20 21 22 21 16 20 22 21 18 13 13 13 14 13 12 13 21 21 12 14 13 14 14 13 10 10 11 9 10 10 7 6 7 7 6 8 16 8 6 4 6 6 6 6 7 6 4
24 27 28 26 24 27 24 22 19 25 24 26 26 19 17 25 23 21 15 17 14 5 8 13 12 15 22 29 28 22 17 16 15 18 21 21 20 16 23 24 22 17 14 15 14 14 14 13 12 13 13 17 15 15 23 20 13 10 10 10 8 9 10 7 6 8 8 8 8 14 9 6 7 6 6 7 7 6 8 8
22 24 26 27 30 29 25 22 21 26 28 26 24 22 22 26 23 19 17 18 17 16 16 14 11 12 22 28 24 13 9 10 17 21 21 17 16 16 23 27 26 18 17 18 19 16 17 16 13 14 16 26 25 22 22 19 17 10 8 9 10 9 8 8 7 9 9 7 7 7 7 7 8 6 6 10 11 4 8 21
28 25 23 26 28 28 28 26 26 29 28 24 22 23 24 27 24 26 23 21 22 21 20 20 19 19 19 21 14 5 2 4 14 19 20 12 10 15 19 25 25 19 16 17 18 17 17 16 14 13 13 22 22 17 18 15 12 12 10 10 10 9 8 8 7 9 8 6 7 7 7 7 7 8 6 10 10 6 8 18
29 22 20 23 24 24 25 29 27 27 25 26 22 23 23 22 24 26 24 23 23 22 22 21 23 23 21 23 18 14 5 6 10 12 14 9 7 14 17 19 18 17 15 15 18 22 23 20 17 12 10 10 13 10 11 14 12 10 11 11 9 9 7 8 7 7 7 7 6 6 6 6 5 6 6 7 8 7 8 8
28 24 23 22 23 29 25 26 24 22 24 26 24 23 25 25 26 26 25 24 21 21 24 24 23 23 24 25 22 20 17 17 15 11 11 6 3 11 13 15 17 17 20 18 24 25 25 25 23 14 15 13 14 11 13 13 13 13 11 11 9 8 8 7 7 7 8 7 7 6 6 6 6 8 8 6 8 8 8 8
25 26 24 23 22 25 26 27 23 22 26 26 24 23 27 27 23 23 23 22 19 22 25 26 25 22 23 26 21 18 23 23 23 21 12 5 7 14 15 16 17 19 21 20 22 22 26 26 21 15 17 23 22 12 12 11 14 12 10 9 9 8 8 8 6 7 8 7 6 6 11 11 8 9 8 7 7 8 8 9
26 26 24 26 24 22 27 28 23 20 27 25 20 22 24 25 23 23 23 23 22 24 28 26 26 25 22 29 28 23 23 25 25 24 23 16 19 19 15 17 19 22 22 20 18 16 24 24 20 17 19 24 22 13 14 13 14 13 12 9 10 9 10 9 7 8 8 9 9 11 23 21 11 10 8 9 11 9 9 10
26 25 24 25 25 27 27 26 24 21 25 24 21 23 27 23 23 23 25 28 27 23 26 23 23 24 25 28 27 25 24 23 24 24 24 23 22 24 19 18 18 20 19 17 17 16 18 17 19 20 26 26 24 22 19 17 15 17 15 12 11 9 8 8 6 9 10 13 9 10 19 19 10 11 12 14 20 14 12 15
24 23 23 24 26 26 22 23 23 22 25 26 26 25 25 21 23 20 27 26 25 21 24 24 23 24 25 25 24 24 23 24 25 24 25 27 24 22 20 19 19 16 10 9 9 13 14 15 19 22 27 28 25 20 18 18 17 18 16 14 13 11 5 10 12 12 13 24 8 11 20 19 13 22 19 19 20 14 18 29
25 22 27 26 25 24 18 21 24 28 29 27 25 24 24 21 21 23 26 24 23 22 24 25 22 21 24 22 23 23 21 26 26 23 23 24 25 22 20 18 20 19 18 13 3 7 9 10 18 20 21 22 19 14 17 19 18 18 19 17 17 18 14 20 21 18 12 22 11 13 22 22 21 22 20 17 17 14 16 25
25 21 20 21 23 25 18 19 24 28 29 26 25 21 22 22 23 24 26 25 23 21 26 27 25 21 24 21 20 21 22 27 27 24 23 23 26 23 20 23 22 23 25 20 8 21 18 15 20 16 12 9 12 12 15 16 16 18 21 18 18 22 21 21 23 22 14 13 14 15 22 23 21 21 21 12 13 12 13 10
25 23 18 19 22 24 19 20 26 26 28 26 24 20 22 22 21 23 24 26 23 20 20 26 25 23 25 21 21 21 20 19 21 21 21 21 21 24 26 26 25 24 26 22 19 24 23 20 23 22 22 22 20 6 5 6 13 16 17 12 13 19 21 23 27 26 23 15 19 19 21 21 22 18 18 13 13 11 12 11
24 22 19 19 20 20 20 20 23 23 23 22 21 20 20 19 15 16 20 22 20 17 16 21 20 20 22 20 21 22 20 15 18 17 16 16 14 26 25 21 22 26 26 22 21 22 23 23 23 23 23 24 24 20 16 17 18 15 14 10 6 13 19 17 18 19 19 15 21 21 16 21 21 10 11 10 9 9 12 10
20 18 21 20 21 21 22 21 21 22 21 21 21 21 21 21 17 15 17 17 19 17 16 19 16 19 20 19 19 21 20 15 16 18 17 13 15 19 21 20 24 28 25 28 24 23 24 23 21 25 24 23 26 24 21 22 24 19 21 21 18 20 19 9 5 7 7 9 12 14 8 17 18 11 10 10 4 6 14 15
21 19 20 19 19 19 20 21 21 23 21 16 21 21 19 18 17 15 18 17 15 11 17 16 16 17 18 18 17 19 20 20 19 20 17 15 20 22 23 22 24 25 26 26 23 23 23 24 21 25 25 25 28 25 26 26 25 22 22 23 24 25 24 22 12 3 3 2 4 4 6 7 12 14 19 18 13 14 17 20
19 18 17 14 14 17 23 27 24 23 18 12 21 20 17 16 16 17 17 17 15 14 16 16 17 16 15 18 19 19 21 21 17 17 15 20 20 21 22 22 23 19 22 22 22 22 21 23 23 25 24 23 27 25 26 26 24 25 27 26 23 22 24 23 17 10 11 6 12 12 18 19 20 17 21 21 19 19 20 22
16 14 14 14 12 15 25 28 27 28 18 13 22 20 15 12 12 17 16 15 16 15 14 17 16 15 15 18 18 18 18 17 15 12 14 20 22 24 24 23 24 26 24 24 24 24 26 23 23 23 24 25 27 26 25 23 25 27 26 24 19 19 20 22 21 17 21 14 18 19 20 23 26 21 22 21 21 20 21 21
16 13 16 15 12 18 25 27 26 27 21 18 18 15 16 17 10 17 15 15 18 17 14 17 14 14 15 16 17 17 18 17 16 18 18 19 25 28 30 26 31 31 26 28 29 28 28 26 27 26 24 26 26 25 25 23 23 24 22 20 21 23 23 24 23 21 21 17 17 20 24 26 26 22 22 21 23 20 19 19
20 14 15 14 15 17 25 29 26 23 23 20 19 17 16 17 14 16 13 15 21 16 15 16 15 15 17 17 17 14 14 15 18 19 21 20 24 27 31 29 30 31 29 30 33 31 28 27 28 25 25 26 24 23 25 23 21 20 22 21 21 22 22 26 25 22 22 22 18 22 26 24 22 22 22 23 20 17 16 16
22 15 16 15 16 16 22 24 22 18 20 20 21 17 16 17 15 16 17 22 22 15 15 15 16 15 17 16 17 15 19 21 20 21 20 20 21 26 30 32 29 24 24 24 28 27 24 23 27 25 22 22 22 22 23 22 21 18 21 19 16 17 15 27 26 20 20 19 17 17 19 15 12 16 20 20 14 16 18 14
20 13 10 14 16 17 19 19 20 19 18 19 19 18 18 15 16 14 16 20 19 15 16 16 17 17 17 16 19 21 20 23 20 21 20 22 24 27 31 31 28 22 22 27 26 25 26 26 22 18 17 16 20 19 19 23 22 21 20 13 11 11 10 23 21 12 14 16 15 11 15 15 10 12 17 14 14 15 17 14
22 11 10 11 15 17 18 20 19 19 17 14 14 16 15 14 14 13 13 12 14 15 17 18 17 14 14 15 17 20 21 22 19 21 21 22 25 26 29 28 26 23 22 30 29 25 21 21 12 10 16 18 16 17 17 24 23 21 16 6 17 17 15 20 19 11 11 16 15 12 14 15 13 12 13 13 13 13 12 13
20 11 13 11 14 18 19 19 18 19 15 8 11 11 9 9 8 14 13 12 18 18 17 17 17 16 12 14 16 21 22 21 21 24 25 21 24 26 25 24 24 27 27 25 24 22 13 12 9 16 18 17 23 23 22 20 17 14 9 11 17 15 13 13 13 14 15 17 17 15 14 14 14 12 9 8 13 14 13 16
11 12 16 12 12 14 17 17 16 17 15 8 7 8 8 4 6 12 11 10 20 20 17 16 16 20 18 22 25 28 26 23 23 25 25 20 23 24 22 22 21 21 23 23 17 18 16 15 15 15 16 16 22 22 23 20 16 12 14 19 23 14 12 14 14 14 14 17 16 15 14 15 15 14 7 8 13 12 13 15
11 12 25 24 12 6 10 11 14 17 13 7 5 7 7 3 5 10 8 10 27 26 24 18 17 25 23 26 27 27 27 26 25 29 30 25 25 23 22 19 16 9 13 15 13 15 14 14 17 16 15 19 21 22 18 16 19 19 18 25 25 19 13 14 13 13 11 13 13 14 13 11 13 13 10 12 13 12 12 10
8 9 31 32 23 10 9 7 9 12 8 4 3 9 9 5 8 10 12 15 26 25 25 24 20 24 23 24 25 24 29 33 30 30 29 23 23 24 25 28 29 16 6 6 12 18 21 21 23 22 22 21 19 19 18 26 24 22 17 21 22 20 19 17 15 14 13 14 14 12 11 10 13 13 11 11 12 14 13 10
10 8 28 30 24 15 14 9 7 4 4 4 7 20 19 9 10 16 23 25 24 22 24 22 18 20 21 21 22 21 26 32 26 22 22 20 18 16 18 28 27 18 9 12 24 24 26 24 24 23 22 20 18 16 18 26 23 20 15 17 18 19 17 14 13 12 13 14 14 10 13 12 13 13 13 12 11 13 12 11
11 7 20 25 25 24 23 18 15 9 8 11 13 18 17 11 14 22 25 27 26 22 24 21 7 15 22 27 27 26 25 27 25 23 19 23 24 21 24 22 19 18 21 20 26 26 25 24 22 23 22 22 27 25 12 18 16 16 14 13 15 13 10 11 10 8 13 12 12 13 15 13 12 13 12 11 11 9 12 11
12 13 22 22 25 27 25 21 18 10 9 14 13 8 10 12 15 14 22 23 22 23 24 25 20 24 23 29 28 26 25 27 33 31 24 25 26 27 32 29 23 25 30 26 25 22 24 23 21 24 24 24 26 24 15 17 18 17 14 12 16 13 8 8 7 7 12 12 12 13 14 13 12 12 12 11 11 9 9 9
15 14 16 18 26 27 27 24 23 15 13 16 15 11 12 13 12 14 16 20 24 25 24 26 24 25 25 26 28 27 27 27 32 32 28 30 30 26 32 31 29 25 29 25 23 22 23 24 24 23 25 24 22 21 18 16 19 16 15 16 19 16 12 9 9 8 9 12 11 9 11 12 11 15 16 13 11 9 9 9
31 29 25 28 29 29 30 28 22 13 15 24 21 13 15 17 20 21 18 22 26 25 25 30 31 26 28 27 31 31 31 28 29 33 31 30 30 31 31 32 29 24 24 23 24 24 25 25 26 22 25 25 23 23 18 18 19 18 20 25 27 22 16 11 14 7 6 11 14 11 9 11 10 14 17 12 10 11 8 8
31 23 25 28 29 29 28 25 19 18 18 26 22 15 25 26 25 28 25 28 28 25 26 29 30 25 28 28 31 31 28 27 27 27 27 30 28 32 31 29 25 25 25 24 23 25 24 25 25 25 25 24 24 23 21 18 17 21 29 31 34 33 27 13 13 9 10 15 35 32 9 13 13 13 12 10 12 11 8 6
28 11 27 31 29 27 28 24 24 26 24 26 25 23 27 27 27 28 26 28 28 27 27 26 26 27 28 27 26 26 26 24 25 25 26 28 26 25 26 25 23 25 28 27 26 25 25 26 25 24 25 25 25 25 23 19 18 18 29 32 33 33 29 12 12 11 18 20 29 28 10 11 11 12 10 10 11 11 8 6
27 29 30 30 29 28 31 30 29 29 29 29 29 30 28 25 24 29 29 28 26 28 26 32 31 26 29 28 23 27 26 23 23 21 22 23 21 18 20 20 23 25 26 25 26 23 25 26 25 24 26 25 23 24 22 22 21 27 27 26 29 28 27 15 15 13 16 15 12 13 11 9 10 9 10 11 9 10 8 8
28 28 25 28 28 28 31 32 30 30 30 32 32 32 29 23 23 31 32 30 26 29 26 29 27 23 27 27 23 25 24 22 22 20 22 22 13 2 5 16 18 19 20 22 24 23 26 26 24 22 25 24 25 25 23 22 17 25 24 25 28 26 25 15 18 13 15 14 15 15 11 9 10 10 10 15 9 9 9 10
21 20 10 25 26 25 29 31 32 32 31 30 30 31 29 28 22 24 26 27 24 23 24 26 27 23 25 24 23 24 19 19 19 18 21 21 13 5 12 19 21 19 16 18 23 25 28 27 24 22 25 24 25 26 29 26 20 19 22 24 28 28 25 21 31 17 15 13 12 12 10 10 12 13 15 14 9 8 8 8
5 6 9 19 15 22 25 27 27 32 25 25 25 28 29 28 21 22 24 23 23 23 23 24 25 24 22 22 25 25 21 20 18 18 22 23 23 17 21 23 25 28 22 17 23 25 29 28 24 24 27 26 27 28 30 27 22 20 23 21 27 30 32 32 34 33 18 17 14 14 7 9 13 17 28 14 11 10 8 11
9 9 7 9 9 10 18 17 10 23 9 11 12 19 22 21 15 17 22 22 22 22 23 22 22 25 25 26 30 29 21 20 17 19 23 25 26 25 25 27 24 26 24 22 22 23 25 26 28 27 26 27 27 26 26 23 23 23 24 21 23 28 34 36 35 34 28 34 33 26 10 9 13 33 35 30 18 17 17 35
12 11 8 8 9 8 8 7 6 12 10 9 12 10 15 13 13 15 20 20 23 22 24 21 21 24 24 26 28 29 29 24 23 23 23 27 27 27 25 28 25 24 30 28 27 25 24 26 27 26 22 26 27 25 25 24 24 25 26 18 22 23 32 37 34 33 31 34 33 30 24 7 13 28 31 33 38 34 27 35
25 20 9 8 8 8 8 8 9 10 8 8 15 13 10 11 14 18 17 19 21 20 22 20 22 21 23 25 23 22 28 24 23 20 23 25 24 25 25 26 26 28 29 28 28 27 25 25 25 24 24 27 27 26 24 23 25 26 27 24 25 24 22 27 31 29 31 33 32 29 25 13 12 14 17 32 42 42 32 33
28 25 10 6 7 7 7 6 7 5 6 11 14 13 10 8 13 18 16 18 18 15 20 17 19 20 23 24 22 22 24 22 21 20 22 23 25 26 26 28 29 26 26 27 25 26 25 26 25 27 26 28 27 27 26 25 25 27 26 26 26 26 24 24 29 27 33 34 32 28 27 24 12 16 19 25 39 38 34 33
26 22 11 6 5 5 5 5 8 8 12 13 14 14 16 13 13 19 20 17 17 16 16 16 19 19 21 20 20 20 23 23 20 20 19 19 24 26 27 28 29 25 26 28 27 29 28 28 28 30 29 31 26 26 27 25 25 26 22 24 25 26 26 27 27 24 27 28 27 24 27 25 13 17 19 21 28 31 30 27
20 12 10 6 6 5 4 7 18 13 14 17 16 12 14 15 14 17 18 21 23 19 3 8 11 18 21 19 16 15 19 23 22 27 26 22 25 25 27 27 28 27 28 23 25 30 31 29 28 32 32 31 25 27 27 26 25 23 21 25 26 25 22 24 23 24 19 21 24 24 26 26 20 17 13 20 25 28 23 16
15 12 12 6 13 12 6 9 22 22 14 13 12 11 11 14 11 11 12 19 22 18 3 3 4 12 18 16 9 15 22 24 26 28 27 26 26 26 27 27 28 27 21 21 24 26 32 31 26 30 29 25 28 30 26 24 25 24 18 25 26 24 22 24 23 26 25 22 24 23 23 24 23 18 13 17 20 24 23 24
6 11 14 10 14 13 10 16 19 22 21 14 14 15 12 12 11 15 16 15 17 11 7 7 5 5 10 10 10 17 29 31 30 27 27 26 26 26 26 27 27 24 23 19 25 24 30 30 22 25 24 25 31 30 24 22 24 25 22 19 23 22 22 23 20 23 26 25 24 24 23 20 32 32 28 25 13 20 24 37
17 11 24 23 19 16 17 23 20 22 21 18 20 23 25 25 15 18 19 18 15 14 15 14 10 6 7 11 12 23 28 30 30 29 28 25 27 22 23 24 22 21 20 20 22 22 23 23 21 26 24 20 31 31 26 20 17 19 22 14 14 19 18 22 18 15 25 23 22 24 23 20 35 35 26 20 12 23 19 32
23 26 28 28 22 24 20 22 23 20 22 23 24 26 32 32 30 31 30 24 22 27 31 27 14 10 11 15 14 18 24 29 28 31 30 18 25 18 20 15 15 13 12 11 12 17 26 22 24 31 28 11 25 33 31 22 5 14 15 9 5 17 17 18 14 10 15 15 18 23 18 14 33 33 21 9 17 18 14 22
23 28 25 28 29 27 23 25 28 29 25 21 23 26 34 34 31 32 31 28 24 31 36 34 28 23 12 14 13 10 22 31 32 32 33 30 27 25 22 16 13 9 15 17 16 17 24 27 29 32 31 27 27 32 30 24 9 1 1 3 12 29 25 19 9 9 12 10 24 24 19 10 32 34 32 22 25 26 21 28
22 29 29 31 33 34 29 31 31 30 27 30 26 29 38 38 31 31 31 28 28 35 37 36 34 34 31 27 25 26 27 34 34 35 35 35 31 29 25 22 15 21 34 34 29 22 23 29 34 32 30 29 28 31 31 23 8 2 1 5 30 31 33 30 25 29 37 28 29 28 26 24 34 36 39 26 27 30 25 28
24 30 32 32 30 33 28 31 32 29 30 35 33 31 37 35 32 34 32 27 34 37 35 35 38 36 35 34 31 31 30 32 34 33 32 34 35 32 29 25 19 32 37 38 33 32 30 31 36 35 29 32 30 32 32 20 2 1 1 5 26 26 33 34 35 30 34 35 34 34 32 31 35 33 35 25 25 28 21 28
26 30 30 31 26 28 23 29 34 30 30 35 35 34 35 33 33 33 34 28 35 32 34 36 34 31 34 30 26 29 34 32 33 33 32 33 33 28 28 31 36 39 39 39 34 34 34 30 32 33 29 35 35 33 31 20 9 9 8 5 5 12 34 40 36 30 34 36 38 37 37 36 33 22 23 24 30 22 5 22
30 30 30 30 22 19 27 27 30 29 29 32 34 34 33 36 35 30 39 28 31 29 35 33 30 29 30 25 25 29 33 32 36 36 28 29 29 26 29 32 37 40 41 38 34 36 35 32 35 34 29 36 37 34 32 30 29 31 28 17 16 30 38 39 37 32 35 35 32 31 29 37 40 18 15 19 26 19 2 3
29 26 29 32 31 31 34 33 34 30 35 37 38 36 35 34 34 31 39 37 29 31 30 32 33 35 31 28 23 27 31 32 34 35 28 29 29 31 31 33 35 38 38 34 33 35 36 35 35 33 34 36 36 34 34 38 33 36 30 24 29 38 39 36 38 33 33 23 23 20 14 35 41 33 12 13 9 2 3 2
