input/20181/9/tree-height.asc
NCOLS 80 
NROWS 80 
XLLCORNER 448587.412540805 
YLLCORNER 5380392.45755278 
CELLSIZE 5 
NODATA_value -3.4e+38 
23.000000000000000 25 26 25 23 24 25 25 28 28 23 26 25 24 20 22 22 23 23 26 29 30 29 27 24 25 21 21 22 24 23 25 26 27 27 24 22 26 29 28 24 23 15 17 27 30 33 33 30 31 30 32 29 22 11 10 11 8 4 7 22 24 19 19 27 30 26 26 28 26 26 27 17 9 19 29 30 30 32 33
27 27 24 24 22 25 24 23 26 26 22 22 21 20 13 15 16 25 25 27 29 29 26 26 24 19 21 25 25 24 24 25 26 27 24 25 24 23 26 26 23 24 13 5 24 32 30 30 30 28 23 16 18 18 17 17 3 2 5 7 23 26 23 23 28 27 26 26 26 27 27 29 27 21 13 32 32 32 32 34
31 29 23 22 21 26 24 23 24 21 17 17 19 19 14 22 24 24 24 23 26 25 24 24 23 16 23 24 24 24 24 22 26 25 24 24 24 24 25 25 22 18 6 10 26 26 29 28 28 28 21 3 5 6 14 13 2 5 9 8 17 22 23 26 27 26 26 28 29 29 25 25 27 26 24 32 33 32 30 35
29 28 25 22 21 28 24 23 26 16 9 15 18 21 21 26 25 24 24 24 24 25 24 24 22 19 22 20 21 21 22 24 26 26 24 24 24 23 26 27 20 16 20 24 27 25 29 28 24 24 17 10 13 7 8 7 5 14 20 13 15 16 15 24 26 25 27 28 29 27 21 23 23 24 21 32 31 31 33 34
26 25 25 24 24 27 24 30 26 10 12 24 26 26 26 26 24 24 25 24 27 26 23 24 23 21 22 19 19 20 19 23 21 21 24 26 25 25 29 28 23 21 30 28 28 27 30 22 14 14 11 17 20 19 15 11 4 12 15 9 10 10 4 13 21 25 25 28 27 17 19 23 23 18 13 29 27 28 31 32
30 27 25 25 26 23 20 22 20 12 23 25 27 28 29 26 24 27 26 25 27 27 25 21 21 24 23 23 24 23 24 22 23 19 21 26 25 25 24 20 18 21 28 29 28 26 28 22 14 12 6 13 15 15 18 13 3 3 2 3 3 3 3 3 13 24 24 26 26 23 22 26 27 23 13 27 28 29 29 31
28 26 26 26 25 21 14 4 11 26 27 27 27 26 29 29 25 26 25 24 25 27 26 24 22 24 24 25 27 24 24 22 24 19 23 26 24 20 14 4 7 20 23 26 25 26 23 19 20 22 13 12 10 8 12 9 4 1 3 6 2 3 5 7 13 24 23 25 25 26 28 30 31 22 13 27 30 34 34 30
28 26 27 28 25 18 14 10 21 27 27 26 27 24 26 29 29 28 27 25 26 26 27 28 24 23 24 27 25 23 21 18 19 15 23 25 25 20 5 6 21 30 29 27 26 25 19 19 20 18 17 18 22 16 16 10 8 7 9 8 6 5 11 20 18 21 24 25 23 25 27 30 33 25 16 26 32 34 31 27
30 27 29 27 24 21 17 19 24 26 27 24 25 25 24 29 28 27 26 26 26 26 29 29 27 24 23 24 22 16 13 19 19 18 22 23 26 25 15 15 30 31 29 26 27 27 28 26 20 17 19 18 18 18 18 16 14 20 19 14 15 9 12 20 21 23 25 24 20 20 20 26 31 27 26 30 32 33 30 28
30 31 27 25 19 24 24 26 25 25 26 25 24 24 25 25 25 26 25 26 25 26 27 26 24 23 21 20 19 17 19 17 19 21 22 19 21 20 16 28 32 31 27 23 28 26 27 27 25 23 25 24 19 19 17 19 18 19 18 20 21 23 20 20 15 20 22 20 20 15 14 24 25 26 26 27 30 32 31 29
29 30 24 22 16 21 23 27 25 26 25 25 25 25 26 27 26 27 27 26 24 26 25 25 23 23 23 22 22 18 18 16 20 21 21 16 4 3 9 29 31 31 27 27 28 26 24 25 25 24 27 28 26 20 19 20 25 22 14 20 25 28 28 23 11 15 20 21 18 18 23 24 22 23 23 21 27 30 30 30
27 25 19 15 11 23 27 27 26 25 25 25 26 26 26 28 27 26 27 26 23 23 23 22 22 22 23 22 21 20 17 17 19 18 20 18 9 9 19 28 30 30 29 27 27 24 24 26 25 24 26 26 24 24 25 24 30 31 21 22 29 33 30 28 27 26 30 29 23 21 18 23 22 18 17 18 27 30 34 33
28 25 21 8 11 27 27 28 28 25 25 25 26 27 26 26 26 26 27 24 23 23 23 22 24 23 23 20 18 19 14 13 15 14 27 32 30 23 27 29 28 28 30 27 26 23 23 24 22 20 24 24 23 27 26 28 29 29 21 27 32 32 33 33 32 31 29 29 25 20 19 23 22 18 18 20 30 32 35 33
27 24 26 24 25 28 27 28 28 26 25 27 25 27 28 26 25 25 25 24 25 24 24 22 22 21 20 13 11 10 8 6 13 25 32 33 31 26 28 28 29 27 28 26 25 25 24 24 22 17 23 23 22 24 27 27 26 23 21 26 28 33 33 32 31 29 27 27 29 23 22 22 19 19 20 23 32 34 35 32
30 28 24 21 26 29 26 27 27 25 27 27 26 27 27 25 26 25 25 23 23 22 22 20 15 15 13 2 1 1 4 16 24 28 32 31 27 29 29 26 27 27 28 30 29 27 25 25 25 22 25 23 19 18 26 26 23 23 20 27 29 31 30 27 26 26 27 26 30 28 30 28 26 20 19 24 28 31 33 31
27 24 21 11 27 28 28 28 27 26 26 26 27 26 27 25 25 25 24 23 22 24 23 18 3 1 1 2 2 1 4 18 23 29 30 31 30 30 29 21 23 27 27 29 29 26 25 26 26 19 19 15 14 21 24 25 27 27 23 26 29 29 28 26 24 29 29 27 32 35 35 32 32 24 15 22 27 28 29 32
22 19 18 7 27 27 26 24 26 27 27 26 28 26 26 25 24 26 25 25 23 22 21 14 1 0 2 2 1 1 2 12 17 27 29 30 30 31 31 27 28 30 29 26 27 23 24 28 24 12 10 2 4 13 18 16 22 27 29 28 28 30 29 26 25 28 29 31 32 34 33 30 31 27 12 16 22 24 27 32
18 16 10 6 26 26 25 25 26 25 26 29 29 25 25 26 24 27 24 25 23 17 16 9 1 0 0 1 0 1 0 2 5 23 28 30 31 31 27 27 29 34 34 28 24 21 25 28 21 18 2 4 6 9 21 20 23 29 28 26 25 29 27 25 26 29 30 31 32 31 31 30 30 27 26 22 23 26 26 29
27 21 8 10 23 23 24 23 27 26 26 27 28 27 27 28 27 27 25 24 23 15 7 2 1 3 4 4 4 5 3 1 1 4 18 27 29 30 28 29 30 32 31 26 24 27 27 30 26 21 5 8 18 21 23 26 26 26 28 28 27 24 18 22 29 30 30 30 31 32 31 31 32 26 28 29 24 27 26 28
26 24 22 23 21 19 22 22 23 24 23 24 26 26 30 28 27 24 24 23 21 15 2 2 6 11 15 16 17 18 12 5 5 2 6 24 26 30 32 32 31 25 21 21 29 29 28 28 22 20 13 13 24 26 24 27 26 25 27 27 26 19 9 23 30 28 23 21 26 30 33 34 35 31 30 31 28 29 28 30
25 25 23 24 25 25 24 23 17 18 19 20 23 25 25 27 26 21 24 23 18 12 2 6 17 22 25 22 24 23 23 20 17 7 9 20 23 27 30 27 25 23 22 24 29 31 28 27 23 20 21 27 27 25 26 30 26 27 26 23 20 21 21 22 27 19 4 11 29 30 30 34 34 30 30 31 32 34 30 30
25 25 24 27 27 30 29 28 24 24 23 20 20 24 21 22 23 19 24 23 15 6 6 16 25 26 27 27 26 25 25 24 21 22 12 19 24 23 23 22 21 22 23 24 25 29 28 26 26 25 26 25 28 25 28 28 27 24 20 14 8 18 26 27 24 18 16 28 31 31 29 33 33 29 29 28 27 32 32 32
25 25 26 30 30 31 30 28 28 28 25 26 28 28 25 21 20 19 21 22 14 3 17 25 24 25 27 28 28 26 25 26 23 23 14 12 21 22 22 21 20 22 21 21 20 21 22 20 19 20 22 17 23 24 27 28 27 21 13 12 21 24 28 27 28 28 28 31 33 32 29 33 33 30 29 26 21 29 27 31
24 24 25 27 28 26 27 26 29 29 29 31 34 32 26 24 25 25 24 20 14 5 21 26 27 27 24 28 27 27 25 26 23 21 12 3 9 15 18 22 23 20 18 19 19 17 17 17 14 7 15 13 15 19 23 26 26 20 11 17 23 24 28 27 30 29 30 30 32 30 31 33 30 31 31 26 28 28 27 35
24 23 30 29 28 27 28 27 31 30 28 32 31 31 28 26 27 26 26 23 10 11 25 27 27 26 23 23 23 24 25 26 19 11 2 2 1 4 14 32 32 23 14 13 15 15 18 17 14 16 16 8 18 22 23 24 23 24 19 15 25 27 29 29 30 30 30 28 31 31 31 32 30 29 31 29 30 31 29 34
26 18 26 28 28 28 28 27 30 30 29 30 30 31 31 27 28 27 24 14 5 23 26 27 28 25 17 20 24 23 24 22 19 10 4 10 7 7 31 32 31 26 20 19 16 16 30 29 28 28 25 11 20 19 18 20 17 19 16 16 24 27 28 28 29 29 30 28 31 32 30 30 30 32 33 29 27 31 31 31
21 7 16 26 28 29 31 31 27 27 25 25 26 27 26 28 26 26 22 3 8 24 28 29 28 26 21 23 24 28 32 31 23 13 15 30 27 10 25 26 26 25 24 26 22 18 32 30 31 30 27 14 13 10 11 12 10 10 12 21 25 25 26 25 27 28 29 29 28 29 29 29 33 34 32 27 24 31 31 28
18 12 5 24 26 25 29 27 24 25 25 22 24 25 24 28 25 23 19 5 19 26 28 28 26 31 27 24 28 37 39 37 34 33 34 34 32 20 6 10 18 26 27 29 25 21 29 30 31 30 32 24 12 11 12 15 11 12 15 23 26 26 28 28 26 26 29 29 28 29 28 30 36 36 29 26 25 29 29 29
17 10 8 22 27 30 30 28 28 31 30 24 22 26 26 27 27 26 18 7 23 24 27 27 25 26 28 33 33 36 37 36 37 34 34 29 29 17 7 13 21 23 21 23 20 13 20 26 29 29 26 21 11 12 11 10 10 13 23 25 25 26 28 27 27 28 26 25 27 27 29 31 34 33 29 31 27 29 27 27
9 5 14 22 30 28 30 28 26 28 27 23 23 26 26 27 27 26 17 15 27 25 25 25 23 22 29 35 35 33 33 35 37 35 31 21 19 14 10 27 31 20 13 11 13 13 12 13 22 21 11 12 12 11 11 10 10 12 21 20 20 23 27 25 21 27 26 26 28 25 28 29 29 26 26 30 29 29 31 29
3 4 14 23 28 29 31 27 25 27 25 27 26 26 27 28 25 23 17 14 27 24 27 26 20 19 31 33 32 32 33 38 36 36 32 20 18 11 10 20 24 18 14 17 16 14 14 17 14 12 13 12 13 12 14 11 9 11 13 15 21 23 25 20 21 25 25 29 30 31 31 32 32 25 22 24 27 31 37 34
2 5 20 26 26 29 31 28 27 27 28 31 31 30 27 27 24 21 12 11 24 24 25 25 20 14 30 32 32 29 32 37 35 33 30 21 13 4 7 5 6 11 18 28 27 17 16 29 25 15 15 12 13 13 14 12 10 8 12 21 30 31 26 20 28 30 26 27 29 31 32 30 27 26 23 22 26 28 35 33
2 6 21 27 26 29 30 25 25 24 28 30 30 28 27 26 24 20 9 18 22 24 25 26 20 24 32 33 34 31 34 37 33 32 32 28 9 6 7 6 2 7 23 29 31 29 21 30 24 16 15 13 13 14 14 16 10 8 15 23 30 31 28 22 31 35 31 25 25 29 34 28 25 28 29 27 25 28 30 30
2 6 25 29 29 29 30 24 26 27 26 28 26 24 22 27 25 22 12 14 23 27 24 23 24 31 31 33 35 33 35 36 34 34 32 25 7 8 7 11 10 11 30 31 32 32 34 28 20 16 12 12 13 15 18 25 12 8 30 31 30 27 30 27 32 34 31 31 31 33 35 27 22 27 30 29 28 31 30 29
2 7 25 28 30 29 30 26 27 25 24 30 28 24 25 29 27 20 8 8 21 25 22 18 25 31 32 34 33 32 34 32 32 34 30 22 14 15 16 26 28 22 28 29 30 32 34 32 30 21 13 12 12 13 28 34 28 11 24 29 29 23 32 35 33 33 32 34 33 35 36 31 30 31 29 30 30 32 31 30
3 6 20 26 29 28 29 28 31 32 30 29 27 26 28 26 27 23 12 13 22 22 22 18 25 31 32 34 35 34 33 32 32 39 36 32 34 37 37 32 31 25 18 26 29 30 27 31 29 21 9 10 9 14 31 32 28 8 6 17 17 9 34 35 36 35 37 35 33 35 35 32 30 31 35 37 36 34 31 31
3 4 8 23 30 32 29 28 31 32 29 28 29 30 28 27 28 25 15 8 22 26 24 22 25 30 31 36 33 34 35 37 35 36 35 35 34 35 36 33 29 22 5 26 30 33 27 29 28 23 7 8 10 29 32 32 29 11 4 4 5 13 34 35 36 36 38 39 37 35 32 29 28 22 24 20 28 34 33 30
2 5 17 29 31 31 30 31 31 30 26 29 31 33 31 30 28 26 17 5 17 24 23 23 22 30 33 35 34 34 36 37 34 34 36 35 35 31 25 31 29 20 11 24 26 32 30 30 29 24 11 11 9 25 29 30 32 23 4 3 6 28 33 36 37 38 39 39 39 37 34 31 29 10 6 4 14 40 41 38
7 10 18 27 29 29 30 30 30 30 26 31 33 33 33 34 30 26 16 8 8 20 22 20 26 36 36 35 34 34 38 38 38 33 34 33 31 26 12 29 29 27 28 26 14 20 26 26 24 26 28 24 6 11 21 23 26 20 10 9 11 30 33 36 38 37 38 35 29 34 38 35 37 29 13 13 30 40 40 43
24 24 23 26 29 29 28 28 27 29 29 31 31 32 33 34 31 29 19 12 18 23 25 24 25 34 32 33 36 33 38 36 35 33 32 33 33 30 27 27 27 27 27 26 17 8 12 16 27 29 28 19 5 9 25 25 25 29 30 29 29 34 34 36 35 26 27 22 8 25 34 34 36 35 34 33 33 36 36 39
27 29 29 31 29 28 28 26 27 28 31 33 31 32 32 31 37 35 27 16 16 24 25 24 21 29 31 31 34 34 37 37 36 33 32 31 32 29 29 27 27 26 26 25 23 15 7 4 19 21 18 5 6 8 21 26 30 31 31 31 32 33 34 35 30 5 6 6 12 12 20 31 34 34 31 28 22 30 35 36
28 28 29 30 27 27 30 28 31 29 30 32 34 32 32 32 36 35 33 22 14 25 25 23 19 27 32 30 25 31 34 36 34 32 32 31 31 28 27 27 25 26 27 25 25 28 24 3 3 2 2 1 4 7 12 25 30 32 30 31 32 34 34 32 27 6 8 16 33 29 8 34 36 36 32 23 23 34 34 34
30 29 26 27 29 30 31 28 31 30 31 33 31 31 30 33 31 32 33 27 17 22 22 22 21 32 35 31 32 30 28 33 33 32 32 30 31 28 27 26 26 26 26 20 19 27 25 6 3 4 2 1 4 7 11 22 28 29 28 30 31 29 30 32 27 8 14 33 37 32 14 39 36 32 29 13 27 34 35 35
29 29 27 25 28 30 29 27 29 29 31 33 32 33 30 29 22 28 30 29 18 19 23 26 27 30 34 35 34 31 31 31 31 31 32 30 28 25 29 27 27 26 21 12 12 27 25 15 4 10 8 5 3 10 12 17 22 27 31 31 30 25 27 30 26 12 20 31 33 32 30 36 33 31 33 30 28 32 32 30
28 28 28 26 30 30 27 28 27 29 31 33 29 31 31 28 28 30 30 30 24 18 26 27 30 29 32 35 34 32 32 29 28 29 28 27 26 25 28 26 26 24 23 16 23 24 21 16 5 15 20 17 6 28 28 18 10 26 30 30 30 26 25 24 23 22 27 31 33 34 33 33 29 31 35 32 30 30 30 31
29 29 27 26 33 31 29 31 30 30 32 28 27 30 28 30 32 33 30 32 33 19 22 27 31 28 32 33 33 32 32 30 27 26 24 23 23 24 26 25 25 25 23 19 21 23 17 21 8 18 26 23 7 21 28 28 22 23 25 24 29 32 29 13 10 26 29 33 35 36 35 35 35 33 32 31 32 32 31 32
27 28 24 26 34 32 28 30 31 31 31 28 29 30 30 30 32 33 30 31 32 24 17 24 27 27 30 30 32 30 28 28 25 26 22 16 21 23 25 24 24 24 21 18 18 24 26 25 19 17 24 25 14 5 22 29 25 26 30 29 29 35 35 26 22 27 31 33 37 36 37 35 35 35 35 32 30 31 30 32
26 26 22 26 32 32 28 31 31 30 29 28 29 29 32 32 32 33 30 28 27 20 12 21 21 25 25 27 28 27 27 25 23 26 24 17 15 17 22 20 24 24 22 23 25 26 26 26 24 17 12 25 22 4 13 24 24 26 28 28 28 33 34 31 26 25 30 34 36 35 34 32 33 36 34 31 31 33 33 34
22 25 26 26 30 31 31 31 31 29 30 28 30 29 31 31 31 30 29 28 27 23 9 11 13 24 26 28 26 27 26 24 24 27 28 26 20 10 22 21 21 24 24 24 24 25 25 24 23 18 13 23 19 7 15 24 26 26 26 27 25 26 30 31 25 16 27 32 33 34 35 32 33 34 32 32 34 32 32 34
24 21 22 27 30 30 31 30 30 30 30 26 27 27 28 30 31 26 28 29 26 24 13 3 5 25 28 28 28 28 27 26 28 28 28 28 26 25 24 24 24 25 25 25 24 24 24 23 25 24 24 22 12 11 8 24 26 26 27 30 30 30 34 30 24 18 29 32 33 34 35 31 31 31 30 32 35 34 34 36
23 21 25 26 29 30 30 28 29 29 29 27 28 26 28 30 29 25 26 27 25 22 14 4 8 26 27 26 28 27 27 27 31 30 27 26 26 27 25 25 25 25 24 25 24 24 25 25 27 27 25 24 12 14 18 26 26 27 23 28 29 28 32 31 27 25 23 30 32 33 33 34 34 31 33 32 33 31 30 32
20 22 26 27 26 27 28 27 31 31 25 26 27 30 31 29 30 27 27 26 24 22 18 6 16 25 23 24 27 27 28 27 30 32 29 27 28 27 25 25 24 24 24 26 26 25 25 25 26 26 24 22 18 15 16 28 27 25 20 25 24 23 28 31 28 20 14 31 33 30 30 35 35 31 34 34 32 28 25 28
19 26 25 26 26 21 27 29 31 30 22 26 28 29 30 26 28 28 28 26 25 22 15 6 16 23 22 26 27 26 27 27 28 32 31 25 27 25 26 25 23 24 25 26 26 24 25 26 25 25 24 21 21 15 11 25 27 23 15 19 20 22 28 27 19 12 29 31 32 33 34 36 36 30 32 32 33 31 19 22
22 27 24 24 27 24 28 29 26 29 30 30 29 26 28 27 26 26 26 26 23 23 9 5 17 21 23 24 27 27 29 26 26 29 29 24 27 28 29 27 23 25 27 28 26 26 26 26 26 24 24 25 24 15 18 25 28 25 23 22 27 32 31 26 10 27 31 32 32 33 36 32 26 28 27 28 31 34 29 27
24 25 26 27 28 29 29 27 26 28 28 28 28 23 26 26 26 26 27 26 24 27 18 4 17 21 24 27 25 26 28 24 25 25 24 24 25 26 29 27 24 26 26 27 26 25 25 25 25 24 25 24 21 15 23 26 28 28 28 27 29 32 32 29 22 31 32 33 33 35 37 34 26 28 29 31 31 33 36 35
25 26 29 30 31 28 28 26 24 25 27 23 26 22 25 25 27 27 28 28 25 23 14 9 19 25 24 27 24 24 25 21 22 23 25 24 25 26 28 27 24 24 23 24 25 25 27 27 27 26 25 18 9 14 23 26 28 30 30 28 28 30 31 29 29 33 34 33 32 33 34 34 32 32 31 31 31 31 33 34
24 25 29 29 30 26 27 26 24 25 24 23 24 23 23 23 26 28 29 28 23 14 13 23 25 26 26 27 27 24 23 21 24 24 25 24 24 26 26 26 25 24 25 26 26 29 29 27 26 25 19 11 8 24 24 28 31 31 30 29 28 29 32 31 32 35 35 33 33 34 33 32 33 34 32 33 32 29 31 32
24 25 28 27 24 24 25 24 22 23 23 24 25 25 25 24 27 27 26 24 16 10 20 24 25 26 25 24 24 23 22 23 24 23 25 26 23 25 26 27 26 25 26 26 27 28 28 28 27 25 14 9 20 26 26 27 30 33 32 29 30 29 30 31 33 33 33 32 34 34 33 32 34 34 33 35 35 32 30 32
25 25 27 26 23 25 24 23 22 22 24 24 26 27 27 25 23 18 18 16 7 18 23 23 23 24 23 22 22 24 24 25 23 22 22 25 24 24 26 26 25 24 26 26 26 26 26 27 27 19 16 22 26 26 27 26 29 31 29 26 28 28 31 31 31 30 30 30 35 33 31 31 32 32 32 32 34 33 28 31
22 24 24 25 22 24 23 24 26 23 23 25 27 27 27 25 22 10 5 8 10 22 24 24 23 23 23 20 22 24 24 24 23 24 24 24 26 23 25 26 25 24 27 24 25 26 25 26 20 11 19 25 26 28 29 28 27 28 23 22 24 27 29 32 32 30 30 32 33 32 30 29 31 29 29 29 32 31 29 32
23 25 25 23 23 23 22 25 28 27 24 27 28 26 26 23 20 9 7 16 21 23 23 24 23 23 22 20 22 23 24 24 25 24 25 23 25 25 24 24 24 23 25 25 22 18 20 22 17 17 20 22 22 26 27 26 27 29 27 31 28 32 32 30 31 31 31 31 29 30 31 29 28 30 28 28 30 27 28 30
23 25 24 21 22 23 25 26 26 26 26 27 26 25 27 19 9 9 20 23 22 23 23 23 23 21 21 20 20 22 22 25 24 23 25 25 25 26 25 25 25 24 26 24 21 7 15 19 21 21 22 23 27 28 24 25 26 29 33 32 29 26 26 25 28 30 29 29 28 30 30 31 26 28 28 28 24 20 27 27
22 22 21 20 22 23 24 24 24 28 27 26 23 23 24 16 11 18 23 23 23 26 24 22 21 20 18 18 19 20 22 28 28 26 24 24 27 25 22 26 25 25 25 24 22 10 17 22 24 26 29 29 31 30 27 29 30 31 33 33 29 24 26 25 27 31 30 29 30 32 32 33 27 24 26 28 20 11 21 29
18 19 20 19 22 24 24 24 21 26 26 25 21 21 18 12 22 23 24 22 23 24 22 22 22 20 20 17 20 21 21 26 27 26 24 23 26 25 24 25 24 24 24 18 17 18 24 28 28 27 30 32 32 29 31 30 30 29 28 29 31 33 30 27 29 29 28 29 31 35 30 33 28 25 27 24 25 27 22 26
18 19 20 19 19 22 21 22 21 21 23 23 18 15 14 15 23 23 24 23 23 22 23 20 20 20 21 20 19 19 19 21 24 29 26 23 22 24 24 23 23 25 24 10 7 22 25 27 28 28 30 30 34 30 31 28 27 26 23 27 29 32 30 30 30 27 28 32 30 30 27 29 28 26 27 26 29 29 26 22
16 18 19 19 19 21 20 20 21 20 18 19 11 10 19 21 24 22 23 22 22 22 21 19 18 18 19 19 18 18 21 21 22 25 25 25 24 25 22 22 23 23 16 9 16 25 24 26 30 26 29 29 29 29 32 29 29 30 30 28 28 28 29 30 29 27 28 31 28 29 31 28 28 26 26 26 29 30 29 23
16 17 18 17 18 20 19 18 19 17 10 7 8 16 22 23 24 23 23 21 21 21 20 18 17 16 17 17 18 19 20 22 23 23 23 23 26 28 23 21 23 18 8 9 26 30 31 29 31 27 31 30 25 26 29 30 29 33 32 28 28 29 31 31 30 27 29 31 31 29 31 29 26 27 27 27 28 29 29 27
17 16 15 15 20 21 15 15 14 9 9 10 20 23 23 23 24 24 23 21 21 19 18 16 16 15 15 16 19 19 20 22 23 22 23 23 24 26 21 21 20 16 18 22 26 31 28 29 30 27 30 29 27 29 29 30 29 36 38 27 27 31 30 31 29 29 29 32 33 30 29 28 27 26 26 30 31 29 28 28
16 16 13 11 14 15 5 7 6 8 7 20 22 23 24 22 24 24 23 20 19 17 15 16 15 15 15 16 18 19 21 22 22 23 23 24 22 22 22 21 13 10 22 26 26 28 27 27 30 25 29 28 30 29 28 28 28 31 38 27 26 30 29 27 27 30 29 32 32 29 27 27 24 23 25 31 30 29 28 27
11 11 3 4 7 4 5 6 8 19 18 22 22 23 23 23 23 20 22 23 20 17 15 15 15 15 16 16 19 19 21 22 22 24 24 23 22 22 19 15 13 25 26 27 25 27 26 27 27 25 27 28 29 29 30 28 26 30 29 25 29 32 30 28 28 29 28 30 30 30 28 25 29 25 26 30 31 30 28 29
4 6 8 10 10 7 8 10 20 23 24 23 23 22 23 23 23 23 27 26 24 16 15 16 16 16 17 17 18 19 20 20 23 23 23 22 23 22 17 12 11 26 27 26 24 24 25 27 27 28 27 29 30 31 31 31 26 31 30 26 29 30 29 27 26 30 27 28 28 27 28 28 29 28 25 29 31 30 29 28
7 7 9 11 12 16 22 22 22 23 24 23 22 22 22 23 22 23 26 25 23 15 16 17 16 16 17 18 17 18 19 20 21 22 23 23 24 20 15 21 29 28 25 28 26 23 23 24 25 28 30 28 29 31 28 29 27 28 28 27 30 27 28 28 26 29 27 26 28 27 28 30 27 29 27 27 30 30 26 28
6 6 14 19 21 23 23 23 22 23 21 22 22 21 20 22 20 19 23 23 19 16 15 16 17 16 16 17 18 19 20 20 22 21 24 25 22 19 19 24 28 28 26 27 26 21 21 24 24 28 28 24 26 29 26 27 28 28 27 28 30 28 28 28 27 26 25 26 28 28 27 29 29 28 28 28 30 29 27 28
8 17 20 22 23 23 23 22 23 22 22 21 22 22 20 20 20 22 24 23 17 16 15 15 16 17 17 17 18 18 19 20 21 22 23 24 19 22 24 24 26 25 26 25 25 24 27 26 26 26 25 25 27 28 27 27 29 28 27 27 29 28 27 27 28 31 31 26 30 27 23 27 27 27 27 30 31 30 28 31
20 22 21 22 21 21 22 23 21 20 22 21 21 21 18 18 17 22 24 25 16 16 15 18 18 17 18 18 19 19 20 21 22 21 23 20 12 19 26 25 25 26 27 28 25 25 26 27 27 27 28 28 31 33 27 27 28 27 25 28 26 26 25 28 28 31 30 30 29 29 28 28 26 29 28 30 30 29 29 32
22 21 21 21 20 22 23 23 20 20 20 21 20 20 21 21 17 19 22 22 14 15 16 22 25 19 18 18 19 19 20 21 22 21 21 16 11 23 25 26 26 28 30 30 27 25 25 27 26 28 29 29 31 32 27 25 25 25 27 26 20 20 21 28 29 30 29 29 27 27 29 29 29 29 29 29 29 30 29 31
22 21 20 21 23 22 24 22 20 20 19 21 17 16 23 23 18 15 15 16 15 16 17 19 23 18 19 19 19 19 20 21 21 19 14 8 17 24 26 26 28 29 29 32 31 25 24 25 25 26 27 28 28 28 26 26 26 26 26 26 27 26 23 27 30 28 28 29 28 28 29 29 29 28 30 33 30 31 31 30
20 21 21 21 22 21 23 21 18 20 18 18 17 15 20 20 14 14 14 16 17 18 15 17 19 19 18 20 20 20 20 19 20 16 5 9 23 23 23 25 29 28 25 27 26 24 26 27 27 28 26 27 27 27 27 27 29 29 27 29 30 30 29 27 29 27 29 28 26 30 32 31 29 30 30 32 29 30 30 31
21 21 21 21 21 20 19 19 17 18 19 18 16 16 15 13 13 12 14 15 24 23 17 18 18 18 19 19 20 21 21 18 20 14 7 22 24 24 22 26 27 26 25 24 23 22 24 27 28 30 29 28 26 27 27 29 31 31 28 30 30 28 28 28 28 32 30 26 27 30 31 30 30 31 30 29 29 30 29 33
21 21 21 21 19 20 20 18 17 16 24 20 14 14 14 14 13 13 14 15 22 21 18 18 18 18 18 20 21 20 22 21 16 6 10 23 25 26 23 25 24 24 25 24 23 24 23 23 26 27 25 24 25 26 26 29 31 31 31 30 28 27 28 29 30 32 32 29 30 30 30 31 31 29 28 29 30 29 29 32
