input/20181/7/tree-height.asc
NCOLS 80 
NROWS 80 
XLLCORNER 450697.412540805 
YLLCORNER 5378657.45755278 
CELLSIZE 5 
NODATA_value -3.4e+38 
25.000000000000000 26 27 21 26 21 10 5 10 34 34 31 36 36 39 39 41 38 38 33 29 29 29 28 30 29 28 32 33 32 29 25 28 27 26 26 27 29 28 31 31 30 26 19 28 38 37 32 30 31 30 28 22 23 21 14 21 22 20 19 18 13 15 30 26 23 21 25 18 11 8 5 5 17 20 16 22 20 11 13
26 27 24 25 29 21 6 9 10 27 33 25 32 34 38 39 35 33 34 36 33 32 34 33 32 32 30 31 33 32 31 29 30 24 27 27 28 29 28 30 29 29 31 29 24 31 31 28 29 28 26 27 22 25 23 19 20 23 19 19 21 18 31 37 30 27 27 23 11 8 8 8 9 6 5 9 18 16 10 12
27 27 25 29 31 21 4 16 15 7 33 31 23 26 34 39 39 35 32 34 38 33 35 32 31 36 33 36 36 37 38 37 28 24 27 27 29 29 29 30 31 31 31 28 20 24 27 28 29 30 27 30 27 31 30 26 24 29 28 25 27 25 32 38 30 29 28 28 24 12 9 9 11 7 4 9 8 8 9 11
27 25 27 31 33 29 2 2 3 6 28 29 12 9 30 36 31 28 22 32 37 36 33 30 31 36 37 35 34 35 37 35 26 26 26 26 28 28 29 31 30 31 30 26 26 24 24 25 32 35 35 33 32 32 31 27 25 28 29 27 27 29 34 36 28 28 27 28 27 23 18 11 15 11 3 6 7 4 8 9
27 27 27 28 34 32 9 2 2 2 8 37 33 14 33 30 11 10 13 26 32 28 20 23 35 39 36 34 29 29 29 29 25 26 30 27 28 29 30 30 29 28 29 29 27 25 17 22 35 36 33 32 31 31 30 27 26 22 27 28 28 28 32 34 27 28 28 27 28 29 21 14 9 7 5 2 2 3 4 8
29 31 26 28 38 38 29 3 4 9 15 38 35 28 32 32 25 17 16 13 15 9 3 5 27 31 30 35 30 30 31 31 27 28 29 28 29 29 29 28 29 31 31 31 28 26 23 27 36 36 28 30 28 29 25 28 24 18 20 25 28 27 25 28 29 30 29 28 27 27 24 23 19 11 10 9 6 5 5 10
26 30 32 33 36 37 23 2 7 33 39 37 31 27 30 28 20 39 32 8 11 9 6 2 4 5 16 39 39 36 34 31 29 30 27 30 31 29 27 27 28 31 31 30 28 30 35 35 33 30 25 26 25 27 25 25 21 21 22 21 24 22 19 23 29 30 30 26 25 25 26 26 28 26 23 21 18 15 10 23
19 21 35 42 45 37 3 3 7 34 38 37 33 30 33 28 19 39 34 13 10 9 7 5 3 9 38 45 47 42 31 30 31 29 27 27 30 27 26 26 27 28 28 28 28 30 39 38 30 24 25 22 24 25 25 28 27 25 22 22 25 25 20 22 25 25 28 25 23 24 25 25 27 25 23 21 24 26 24 17
7 14 39 45 43 34 3 4 9 36 39 39 38 33 35 29 10 41 38 22 10 8 7 6 2 8 36 42 46 45 34 28 27 27 27 24 28 27 26 27 25 28 29 28 28 27 33 34 30 21 24 27 25 25 26 28 30 26 24 24 26 27 24 24 24 23 25 22 19 19 22 22 23 25 23 18 25 26 23 10
17 29 44 45 35 25 3 3 9 37 35 38 37 34 33 26 7 39 37 19 11 9 7 6 4 6 28 37 47 46 38 34 25 22 26 27 28 27 25 26 25 28 28 26 27 28 28 33 34 27 28 28 27 28 27 28 29 26 24 27 27 24 23 24 19 15 18 19 15 11 21 23 23 23 19 16 19 23 21 21
14 24 35 35 30 22 6 2 6 29 34 33 36 34 30 22 13 37 34 15 13 10 9 13 11 11 26 30 43 44 40 32 24 14 23 26 27 27 27 29 27 28 25 25 26 29 30 40 42 32 23 28 28 28 27 26 26 27 22 25 23 17 20 21 19 18 25 27 25 22 27 24 23 20 13 10 12 22 23 22
2 3 6 7 31 21 8 2 4 14 32 33 34 33 31 29 30 36 36 34 25 10 13 33 31 22 28 30 35 41 37 28 28 23 20 22 27 26 26 30 30 27 26 26 29 29 27 38 38 31 23 26 28 27 27 26 26 28 25 23 22 21 20 17 23 22 25 27 23 23 26 22 20 19 20 13 14 20 23 22
2 2 3 6 18 2 2 6 16 34 28 31 27 21 22 25 35 41 39 37 26 10 13 34 32 22 32 33 33 34 35 34 32 27 24 24 25 27 25 27 27 28 30 27 30 29 27 29 31 30 24 18 24 25 29 26 25 27 23 18 21 20 21 22 22 23 23 25 22 22 20 20 22 20 19 21 20 24 25 20
2 2 3 3 2 2 4 15 37 36 28 28 9 5 5 11 38 43 42 44 31 9 14 37 36 23 18 37 37 37 42 41 35 30 23 26 25 26 24 25 26 28 31 28 28 28 26 30 34 33 25 16 19 21 24 25 25 25 23 19 20 20 25 24 23 30 25 24 22 21 20 22 24 27 23 23 23 25 24 19
2 3 3 3 2 2 4 11 23 22 8 31 27 7 5 10 35 39 39 38 35 15 15 31 30 22 36 41 42 42 48 46 36 30 24 25 24 23 22 26 27 26 33 31 26 27 27 30 38 39 34 20 16 22 25 23 25 26 26 22 22 20 24 26 28 27 23 20 20 20 22 23 26 25 22 23 23 25 24 24
2 3 3 2 2 2 3 5 3 3 5 22 21 7 4 7 28 35 36 34 36 33 12 11 9 8 36 40 43 50 49 49 38 28 26 23 23 26 27 27 27 26 29 27 28 31 32 34 42 41 36 33 24 23 25 23 26 26 26 23 19 18 22 23 23 20 20 20 20 22 22 23 26 24 21 24 22 24 25 25
3 3 3 3 3 3 6 14 2 2 2 5 9 6 4 7 18 37 32 32 31 27 12 13 10 6 28 36 41 49 44 39 34 29 28 26 25 25 26 25 24 25 26 28 30 41 42 35 39 38 34 34 27 16 22 22 24 25 23 21 21 23 22 24 23 21 22 22 24 24 24 24 25 24 23 22 20 21 22 25
5 4 3 3 4 4 5 11 3 2 2 4 3 3 5 9 36 41 35 25 13 13 15 16 12 3 11 30 34 39 36 27 27 31 32 28 27 23 24 26 24 24 25 28 30 41 44 36 31 30 28 29 25 11 18 21 23 25 27 25 25 27 23 23 22 22 23 23 25 25 24 23 20 24 24 22 21 22 23 25
9 5 3 4 4 5 4 3 3 2 2 3 3 3 3 7 31 39 34 18 11 13 16 16 13 3 11 30 32 30 33 30 29 31 33 27 28 26 29 28 28 27 26 26 28 33 36 36 31 30 30 29 31 29 17 16 23 26 28 24 25 27 24 26 23 23 24 23 26 26 24 22 16 23 23 22 22 24 25 24
10 5 5 5 4 4 4 3 3 3 2 1 2 2 4 7 26 36 23 7 11 14 16 17 12 6 11 32 34 31 34 34 29 29 33 28 28 29 30 29 26 24 23 22 20 27 29 34 33 30 31 30 29 28 19 11 23 26 23 20 23 24 24 27 24 23 22 24 26 26 24 23 22 25 21 23 23 24 23 22
6 5 6 5 4 4 5 6 3 2 2 2 1 2 5 9 25 22 2 5 11 14 15 14 9 3 10 26 31 28 31 33 28 29 31 28 29 30 26 27 25 21 18 17 9 27 28 30 30 27 30 29 27 25 23 16 18 26 25 24 24 24 24 29 27 22 18 26 25 26 26 25 27 28 24 22 22 21 22 22
7 6 7 6 5 4 3 2 2 3 2 2 2 2 4 6 5 5 4 3 9 12 12 8 2 4 6 8 21 28 31 29 25 30 31 27 26 29 29 27 24 23 18 20 20 28 28 28 28 27 28 29 26 25 25 20 13 24 27 28 26 24 25 27 26 27 26 26 25 26 24 23 22 24 25 22 23 22 21 22
7 6 5 4 4 4 2 2 3 4 4 3 2 3 3 5 5 6 5 3 7 9 10 7 4 5 7 6 11 33 33 25 24 29 31 27 24 28 33 32 25 24 23 18 19 22 28 28 26 28 29 29 28 28 28 31 29 20 24 25 26 24 27 25 24 27 28 27 24 23 21 21 19 20 21 20 20 20 21 22
8 7 3 4 9 4 4 3 4 6 4 5 4 6 6 5 4 5 4 3 8 10 14 12 7 6 7 6 8 31 31 20 24 26 30 27 22 26 34 34 27 25 25 18 12 11 26 25 26 30 33 32 26 27 28 30 22 6 16 17 27 28 27 31 24 25 26 24 22 25 25 24 19 20 18 18 16 16 19 19
8 7 2 5 18 4 5 5 6 16 4 4 4 6 7 6 8 14 11 3 7 11 12 10 5 7 12 12 7 29 30 23 23 26 28 25 18 19 30 32 26 26 30 25 11 29 25 21 27 29 29 29 28 28 25 20 9 8 10 18 26 27 26 28 22 23 20 18 24 23 24 26 22 25 20 14 11 13 16 17
13 5 4 2 2 3 10 13 7 11 2 3 5 5 6 7 13 37 30 3 4 8 8 5 2 10 27 27 11 28 28 20 20 25 29 28 19 18 23 27 25 27 31 32 27 32 28 28 28 27 18 18 29 27 17 13 9 8 7 21 23 25 26 25 23 20 14 23 25 21 24 26 21 21 20 11 12 13 13 14
32 14 11 3 3 3 4 9 3 3 3 3 4 4 6 7 11 36 30 3 5 9 8 5 2 12 32 32 21 22 24 22 25 33 29 28 24 20 22 26 27 28 26 27 25 22 26 23 22 24 16 20 27 26 18 17 12 12 15 18 18 26 26 24 23 24 25 26 26 22 26 25 16 11 14 11 14 15 13 11
43 44 34 8 4 3 2 1 1 2 3 4 5 4 4 6 9 27 30 10 6 6 9 7 2 11 25 24 14 8 20 27 28 32 31 29 28 28 25 23 25 26 25 26 25 24 25 20 24 24 11 23 24 24 22 22 26 28 27 14 10 20 23 23 24 24 26 26 26 22 24 27 27 23 17 14 22 23 20 16
44 46 39 16 3 2 3 2 2 3 2 4 6 12 7 5 6 12 33 29 5 6 10 8 3 12 11 10 10 15 28 33 30 31 32 31 27 28 28 25 23 25 25 26 28 28 26 25 24 20 12 24 28 26 23 21 25 30 30 28 24 11 17 21 25 25 25 26 26 24 24 27 27 22 18 22 25 25 26 20
35 40 32 1 1 3 5 4 3 2 2 1 3 11 9 6 6 12 26 22 4 6 14 12 2 12 17 18 21 26 32 31 29 30 33 34 28 26 27 27 25 23 25 27 29 27 27 25 26 22 21 23 26 26 26 20 18 22 23 26 24 8 12 23 23 23 24 24 27 27 22 22 24 18 21 23 25 25 26 22
15 25 19 3 10 12 10 3 6 4 2 2 3 4 5 7 4 6 5 4 7 8 12 9 3 18 36 47 49 40 35 29 29 29 32 32 28 25 25 26 27 25 27 28 28 27 29 27 31 24 22 23 24 24 27 25 16 16 13 14 21 19 10 21 18 21 25 22 24 26 25 22 22 17 22 23 24 25 25 28
6 8 13 17 39 39 22 4 13 10 3 2 5 6 4 7 7 6 5 5 9 9 6 2 6 32 37 42 46 37 32 30 28 31 30 27 28 26 25 26 27 27 27 27 27 28 29 29 29 27 22 23 31 27 28 26 15 13 11 9 19 26 25 22 12 10 19 17 24 24 25 24 24 15 20 24 22 25 25 28
2 11 44 44 41 30 4 4 11 9 2 2 5 8 7 6 6 7 7 7 6 9 7 3 6 33 39 37 31 25 26 28 27 31 31 26 28 28 28 27 26 25 25 27 27 30 28 27 28 27 24 15 24 26 26 25 19 9 13 11 10 25 27 28 24 7 6 10 19 20 23 24 27 19 21 25 23 25 25 26
8 9 31 32 23 4 2 3 6 5 2 2 2 5 7 13 11 13 10 11 11 13 11 7 6 30 42 37 20 9 18 21 27 32 32 30 29 28 28 27 25 24 22 26 28 31 27 26 28 28 25 11 20 24 25 26 20 12 22 24 21 20 24 26 25 19 17 9 10 14 14 20 23 19 20 23 23 26 26 25
27 16 7 9 7 2 2 2 3 9 2 2 1 4 10 34 32 30 18 31 33 25 10 5 2 7 38 37 33 14 19 23 28 32 31 32 29 27 29 24 25 25 23 25 28 28 29 29 29 29 28 29 27 22 26 28 26 25 28 27 23 23 22 24 24 24 22 11 11 4 5 13 15 18 16 16 18 26 27 27
29 24 25 29 23 10 9 2 8 31 12 9 1 1 6 31 36 36 26 25 26 22 7 2 2 15 40 41 39 29 13 19 28 34 32 31 27 28 29 26 26 26 24 25 28 27 30 29 29 21 22 23 28 24 27 28 28 27 25 26 27 26 25 24 24 18 17 7 9 8 6 7 6 6 8 7 13 21 25 24
25 25 28 33 32 35 31 7 7 33 34 24 2 1 2 6 24 24 6 6 5 14 13 1 6 33 39 41 39 28 6 11 29 32 30 29 32 31 27 31 29 25 25 24 26 26 29 29 27 12 22 12 27 25 31 30 27 24 22 27 29 30 26 26 24 7 7 7 9 14 17 17 18 15 8 10 10 12 23 22
28 32 39 36 31 30 26 21 5 23 28 8 7 7 7 9 11 6 4 7 6 10 15 2 4 19 28 28 29 26 19 22 31 27 27 26 30 31 29 30 29 25 24 22 22 24 28 28 31 32 29 28 26 26 29 27 25 22 16 28 29 29 25 24 23 10 9 8 10 17 18 17 18 18 17 32 32 34 29 23
37 37 36 31 29 24 10 15 11 12 20 26 19 18 11 14 13 11 10 12 13 13 28 1 1 2 4 5 13 28 27 29 31 28 26 26 27 31 31 27 27 26 23 26 26 27 26 26 30 30 26 27 27 27 24 22 24 22 16 27 26 25 24 23 24 19 10 11 13 16 16 10 12 15 18 27 29 33 30 24
37 38 34 35 34 32 26 15 39 35 16 19 10 8 11 12 12 11 10 14 21 28 25 2 1 2 3 5 20 27 27 27 29 27 25 27 28 28 30 26 23 24 25 26 26 29 27 27 27 28 28 27 26 25 24 24 20 23 21 21 20 19 22 22 22 19 9 14 14 11 15 11 11 14 15 14 16 26 31 25
33 36 36 40 37 38 37 38 39 39 28 14 11 11 11 10 11 13 16 19 16 19 13 2 1 2 2 7 26 25 20 22 24 27 26 25 27 25 25 26 23 23 26 28 28 26 25 24 24 27 27 27 26 25 25 23 19 22 22 20 22 22 22 21 22 21 18 27 23 8 10 9 10 10 13 15 15 25 31 27
34 42 39 34 36 42 39 39 37 38 31 26 10 11 11 11 12 17 32 30 12 15 12 2 1 1 3 8 24 25 23 27 28 33 31 30 25 24 25 25 25 24 26 27 28 27 24 22 25 25 26 27 27 25 22 18 19 21 23 21 22 24 27 21 19 22 25 29 24 15 9 10 10 8 9 12 16 21 30 29
35 40 37 34 35 39 38 40 36 34 35 29 11 10 12 12 11 15 27 26 13 12 9 2 4 4 2 3 12 24 27 29 29 31 31 31 30 27 24 25 26 25 24 25 29 27 25 21 26 26 27 27 26 24 21 18 21 25 29 23 21 23 24 14 18 27 31 29 21 18 7 9 9 5 7 9 19 32 31 30
36 35 34 34 29 32 37 35 37 32 34 22 11 10 10 9 8 10 9 11 13 11 8 3 7 8 1 3 12 30 29 28 30 30 28 28 29 28 26 24 25 24 25 24 26 26 26 25 23 23 24 24 23 21 23 18 20 25 30 26 22 23 25 26 19 25 26 23 17 15 6 7 7 5 8 16 23 32 28 24
39 38 38 34 29 32 31 34 44 35 27 8 9 14 14 9 9 9 6 7 10 9 5 5 5 6 4 7 26 32 32 32 32 33 32 25 27 29 27 24 26 27 24 25 25 27 26 24 20 23 24 24 21 21 22 21 24 24 26 22 20 23 26 25 20 23 21 18 21 18 6 7 8 8 9 15 11 25 22 15
41 42 39 37 34 35 33 32 40 28 9 6 10 34 32 13 9 8 5 4 11 10 6 4 4 4 11 12 20 31 36 36 33 33 30 29 27 28 25 24 23 26 25 26 24 27 26 25 26 30 26 23 21 21 21 30 31 28 27 21 21 25 25 22 22 28 33 29 29 16 8 7 8 8 9 13 9 11 16 16
44 46 35 31 31 31 31 31 30 24 3 5 10 39 39 29 10 9 6 5 18 15 6 3 3 8 12 10 4 19 33 35 36 34 29 27 24 26 27 27 22 20 23 24 24 24 28 30 31 30 23 20 21 24 24 29 32 32 30 27 25 31 31 25 24 27 31 25 25 9 6 5 8 7 6 8 8 6 14 17
38 38 32 26 27 30 30 31 24 16 2 3 9 40 40 24 19 11 5 6 16 14 6 2 3 6 9 8 5 5 24 31 31 30 29 23 24 27 27 28 26 22 23 24 27 27 29 26 27 25 21 21 21 25 21 27 35 31 29 30 29 26 30 29 21 25 26 23 20 11 5 5 6 7 6 7 6 7 14 17
27 27 30 27 28 28 30 32 27 22 5 3 16 40 39 20 16 7 2 4 9 9 5 2 2 2 2 4 7 4 5 21 28 26 29 27 26 26 28 28 27 24 27 25 25 27 27 25 23 24 22 17 17 18 20 24 29 24 22 31 29 18 26 28 25 27 24 28 28 25 13 7 8 8 7 7 8 7 13 17
30 25 30 28 28 29 27 30 30 27 16 10 30 35 41 36 7 2 2 3 8 8 6 3 2 2 3 3 10 9 2 6 27 23 24 25 25 25 29 30 27 24 26 29 27 28 24 25 25 28 22 7 3 5 16 16 15 13 16 32 29 15 18 25 31 32 29 29 29 26 16 8 9 6 7 7 7 8 14 20
27 24 26 30 31 34 33 27 28 27 15 24 31 31 37 32 5 4 3 2 4 4 7 6 2 4 10 9 8 8 2 4 18 20 22 25 24 25 28 29 26 25 26 29 29 29 27 27 25 28 25 21 4 6 9 12 13 19 23 33 30 22 27 26 29 29 27 25 22 21 14 8 9 9 9 7 9 10 13 15
26 30 31 31 35 37 32 32 33 28 12 28 34 36 36 29 3 3 3 3 6 5 6 5 2 7 29 29 10 5 4 4 10 16 26 26 24 26 26 25 27 25 26 30 30 31 28 30 27 23 25 23 4 4 12 34 32 22 22 27 23 21 25 24 26 26 24 17 20 18 11 11 11 10 10 12 19 20 11 9
28 28 29 29 34 36 33 34 33 33 32 25 34 36 36 27 7 3 2 3 7 8 7 2 2 5 11 37 32 10 7 4 4 18 27 26 26 26 26 25 25 24 26 28 28 31 29 28 30 24 27 27 8 5 17 33 31 21 21 23 20 21 20 21 25 27 23 6 16 14 10 12 18 15 14 22 26 23 11 10
23 23 27 26 26 29 30 32 34 38 37 30 32 36 35 30 22 2 2 2 4 7 6 2 2 4 8 28 24 8 5 4 5 23 25 25 26 26 24 26 27 27 28 26 26 28 29 28 27 22 27 26 17 4 7 28 27 20 21 25 29 25 21 22 21 23 21 9 10 7 7 13 17 15 17 24 25 28 27 18
24 28 27 25 26 29 29 27 27 28 28 29 35 32 29 32 28 2 3 3 3 2 2 2 2 2 3 7 7 6 4 5 6 15 20 24 27 28 25 25 26 26 25 26 28 26 25 24 22 16 24 14 4 4 8 20 23 20 19 24 28 26 27 23 16 21 20 16 15 9 9 13 15 17 19 21 22 30 31 31
25 26 26 24 26 27 25 30 28 21 21 26 39 32 28 20 20 3 9 11 10 8 9 6 2 3 11 21 24 19 8 13 10 2 6 24 27 27 26 25 26 26 26 29 29 26 24 20 17 8 7 8 6 6 9 10 19 24 22 23 23 26 25 21 16 12 15 15 13 12 12 15 17 23 24 25 30 32 33 33
23 24 23 25 26 30 27 28 26 30 28 27 28 31 28 3 2 6 31 34 30 25 29 20 5 9 26 25 22 23 21 24 9 3 5 17 26 25 26 25 26 28 29 29 28 27 23 5 6 5 8 14 7 8 9 10 9 13 15 24 25 27 18 17 13 11 18 10 8 17 13 16 19 29 30 29 32 33 29 27
22 26 24 26 26 30 26 25 27 29 27 27 26 30 28 10 2 6 32 33 31 27 29 23 18 21 24 25 24 26 31 29 10 11 10 16 26 27 26 24 26 28 29 26 23 24 22 6 6 6 9 8 6 8 8 14 12 6 8 22 28 29 20 17 12 15 17 16 16 21 17 19 22 29 32 29 28 29 21 14
23 26 25 24 29 27 25 24 29 29 28 28 29 30 29 24 5 6 29 32 28 21 21 19 18 20 19 21 24 26 33 33 28 35 32 24 27 26 24 24 26 26 29 27 24 24 23 7 6 8 13 12 8 10 14 32 23 6 6 14 26 26 18 15 13 17 18 19 16 19 15 21 21 25 30 26 17 21 26 18
28 24 24 23 27 24 25 25 28 28 27 29 32 31 30 25 10 12 31 29 26 8 6 5 17 20 17 7 16 23 32 31 28 35 34 28 25 23 26 24 20 27 29 31 29 30 26 6 7 9 13 12 9 14 20 33 24 3 3 6 15 19 14 12 15 14 13 13 11 16 20 21 19 18 23 23 23 24 28 26
26 24 24 24 24 21 25 23 23 25 26 27 29 29 27 23 9 21 28 28 24 27 16 5 18 19 15 6 11 15 26 24 29 34 34 29 22 23 28 25 10 31 31 33 29 30 26 6 7 12 14 12 8 13 23 24 25 10 9 9 11 16 16 17 16 6 5 7 9 16 21 21 18 15 22 24 24 26 31 30
24 25 25 24 26 26 24 21 21 25 26 24 28 29 25 27 22 4 16 28 26 28 17 6 16 16 12 2 2 6 29 27 28 33 33 32 26 22 21 23 19 30 31 31 31 32 28 7 9 14 16 9 8 8 9 14 22 25 25 22 17 22 24 15 14 7 6 7 7 12 15 14 11 13 15 27 26 25 32 30
25 25 24 23 26 26 24 23 22 23 23 24 27 27 26 30 26 2 7 28 27 27 21 13 13 10 9 11 8 11 27 25 23 24 31 33 33 25 12 22 28 24 29 32 33 33 30 12 13 13 14 6 8 12 14 30 25 26 28 25 20 22 19 7 7 8 7 9 8 9 14 14 10 8 9 29 28 19 26 24
24 21 25 24 22 22 24 25 25 24 24 25 25 22 28 31 27 8 5 22 26 25 22 19 13 10 16 27 28 27 24 24 20 19 29 35 36 32 28 25 22 17 24 32 32 32 30 20 11 7 13 10 10 24 25 30 29 27 27 30 30 24 8 8 9 12 11 9 7 7 6 7 8 8 13 21 21 15 16 12
21 10 24 24 19 23 25 24 23 23 23 24 23 22 27 29 32 25 3 13 24 26 26 19 15 17 33 33 30 31 33 21 7 15 27 37 36 37 37 26 8 7 9 26 33 32 28 16 7 10 26 20 13 27 26 25 26 25 25 26 25 19 6 9 21 26 23 7 9 8 6 10 9 10 12 12 11 12 14 12
28 24 21 20 20 24 22 18 18 19 21 22 20 22 25 23 22 19 6 11 21 24 24 23 27 30 33 32 30 31 32 25 9 11 28 37 38 37 38 30 11 10 10 29 32 26 19 7 7 10 27 26 27 30 27 21 27 27 23 20 18 9 10 10 17 22 19 6 7 11 8 8 7 7 12 9 12 13 14 12
34 30 26 27 30 27 16 13 15 15 18 20 14 22 24 17 9 17 18 22 25 25 26 30 32 32 31 27 26 28 30 28 29 29 32 32 30 34 36 36 32 23 9 23 21 9 8 6 7 10 32 31 28 33 27 18 25 26 22 26 27 27 29 18 9 8 7 7 9 22 17 13 10 11 13 15 18 19 16 14
34 31 27 28 28 27 22 23 20 20 21 21 20 23 22 23 24 23 25 30 29 25 26 28 32 32 30 26 25 27 29 31 32 32 30 24 14 33 35 33 25 23 11 7 9 13 11 6 5 10 31 32 29 29 29 15 18 22 23 26 31 32 30 21 8 9 10 12 18 22 16 17 18 19 15 17 30 30 20 18
30 28 28 27 27 26 25 23 20 23 24 26 27 26 25 27 26 22 25 30 29 26 28 29 28 30 29 25 27 29 29 30 32 31 27 27 27 32 32 28 16 31 25 6 10 28 24 8 10 13 25 30 32 31 28 21 18 23 23 22 28 30 29 23 10 12 18 25 26 23 11 17 31 33 24 23 36 37 35 32
22 25 28 25 26 23 25 22 24 26 24 26 27 23 23 26 26 24 27 31 30 25 28 29 28 27 27 28 30 30 29 31 31 28 25 26 26 28 29 31 35 35 28 4 7 24 22 17 28 26 24 34 34 30 26 24 22 26 23 23 22 26 32 32 25 22 24 27 27 22 13 17 27 30 31 30 29 35 35 34
23 27 24 24 24 26 26 23 24 24 24 26 25 28 26 23 26 24 28 30 29 25 26 26 30 28 23 27 30 28 24 23 20 26 27 27 27 29 34 36 38 38 30 14 4 13 12 16 29 29 30 34 34 31 26 23 22 24 24 22 29 28 32 32 26 26 26 25 25 17 13 19 29 27 28 27 24 34 36 38
23 26 27 25 26 33 30 25 25 21 24 28 26 30 29 21 22 24 27 26 25 25 26 26 28 27 25 28 28 25 26 20 9 25 28 26 27 29 37 35 36 40 38 32 9 8 9 11 26 30 28 30 30 28 27 28 22 23 23 22 31 28 28 28 23 25 25 24 21 10 15 25 33 30 20 17 23 33 32 36
20 22 25 23 25 31 30 27 27 25 26 28 26 27 26 20 20 23 27 26 25 26 28 26 23 24 25 28 29 25 26 26 26 32 30 27 27 28 35 34 35 42 47 45 29 8 10 11 25 29 28 29 29 29 28 26 21 20 21 25 26 22 25 26 22 19 21 28 27 16 28 28 32 32 25 15 33 28 19 34
20 19 20 20 24 23 25 26 29 28 26 29 28 25 28 32 28 23 26 23 23 23 26 24 24 26 25 24 30 29 21 25 31 31 29 28 25 28 30 35 40 45 48 46 31 5 9 10 19 28 29 27 28 27 28 25 21 17 15 24 27 26 26 18 18 17 19 32 33 34 34 31 26 25 21 15 35 29 16 35
20 13 15 19 26 26 24 25 28 27 24 29 29 26 29 30 27 24 27 24 24 24 25 24 25 26 23 23 28 26 12 22 31 27 28 27 26 29 31 37 44 50 52 48 37 11 8 7 9 27 31 24 25 21 25 23 25 23 8 15 21 25 25 15 17 17 18 28 34 37 36 32 29 15 11 14 29 28 34 34
26 17 8 16 24 24 22 24 24 26 23 26 28 25 24 25 25 26 26 25 24 28 31 26 27 31 31 27 25 24 25 27 30 25 25 24 28 28 32 34 35 51 52 47 40 28 8 7 9 23 29 25 21 14 19 19 23 21 7 18 21 22 19 13 20 21 21 20 31 33 33 31 35 31 9 11 15 17 29 29
29 25 8 10 22 25 22 25 27 27 25 23 26 24 21 25 25 24 25 27 23 25 30 30 30 33 29 25 25 24 26 28 27 23 22 23 26 28 29 30 35 47 45 37 31 24 12 10 10 12 23 25 24 22 24 24 22 22 19 23 26 27 25 19 23 23 20 29 28 26 31 31 30 25 8 10 9 10 12 14
26 27 28 25 25 29 28 31 34 26 25 24 28 25 25 25 23 22 24 25 24 22 25 27 27 28 24 25 26 28 27 28 27 24 24 23 23 28 28 25 30 34 28 17 14 13 17 21 22 21 24 25 26 26 26 26 24 26 26 24 25 27 24 18 30 27 14 27 26 30 32 29 12 9 8 9 11 10 9 10
27 32 34 32 31 31 31 30 32 27 30 31 29 23 26 28 26 28 25 25 30 27 25 22 20 18 26 27 27 27 27 30 27 27 30 25 25 26 26 26 32 36 32 23 20 19 20 23 24 23 26 26 28 28 26 25 22 22 22 20 20 23 21 12 21 20 11 13 16 28 27 24 11 13 12 9 10 9 9 11
37 35 30 29 31 30 32 26 27 29 35 36 34 28 27 31 33 27 22 24 29 29 29 21 21 22 29 29 26 26 26 21 19 21 25 24 24 24 26 31 34 35 33 27 25 22 24 22 23 24 27 26 20 21 24 22 15 10 11 19 20 23 23 18 4 7 7 8 12 13 10 9 15 23 19 8 9 12 11 10
